1183
3731 1
3731 4
3863 2
3996 3
4128 4
4788 2
4921 3
5053 2
5185 4
5846 1
5978 2
6110 3
6242 4
6903 1
7035 3
7167 2
7299 4
7960 2
8092 1
8225 2
8357 4
9018 1
9150 2
9282 1
9414 4
10075 2
10207 3
10339 2
10471 4
11132 1
11264 2
11396 3
11529 4
12189 1
12189 3
12322 2
12454 3
12586 4
12718 1
12850 2
12982 3
13114 4
13247 1
13643 2
14040 3
14304 3
14304 4
14700 2
14700 3
15097 1
15097 2
15493 1
15625 2
15758 3
15890 4
16022 3
16154 1
16286 3
16418 1
16418 3
16683 1
16815 4
16947 1
17211 1
17211 3
17476 1
17476 4
17740 1
17872 3
18004 1
18269 1
18269 2
18533 1
18533 3
18797 1
19062 1
19326 1
19326 2
19458 2
19590 1
19855 1
20119 1
20119 4
20383 1
20648 1
20648 2
21044 1
21044 2
21440 3
21440 4
21837 3
21837 4
22233 1
22233 4
22498 4
22762 3
22762 4
22894 2
23026 3
23159 4
23291 1
23423 2
23555 4
23687 1
23819 2
23951 3
24084 1
24216 2
24348 4
24480 1
24612 3
24744 2
24877 1
25009 2
25141 3
25273 4
25405 2
25537 3
25670 4
25802 1
25934 2
26066 3
26198 1
26330 2
26462 3
26595 1
26727 4
26859 1
26859 2
26991 3
26991 4
27123 2
27255 3
27388 4
27520 1
27652 2
27784 3
27916 1
28048 2
28181 4
28313 1
28445 2
28577 4
28709 3
28841 2
28974 1
29106 3
29238 1
29370 2
29502 4
29634 1
29766 2
29899 3
30031 1
30163 2
30295 4
30427 1
30559 2
30559 4
30692 3
30824 2
30956 1
31022 2
31088 3
31154 4
31220 1
31220 3
31352 2
31485 3
31617 4
31749 1
31881 2
32013 4
32145 1
32277 2
32410 3
32542 1
32674 2
32806 3
32806 4
32938 1
33070 3
33203 2
33335 1
33335 3
33467 2
33599 3
33731 1
33731 4
33863 2
33996 3
34128 2
34128 4
34260 1
34392 2
34524 3
34656 1
34656 4
34788 2
34921 3
34921 4
35053 1
35185 2
35185 4
35317 3
35449 2
35449 4
35581 1
35714 2
35846 3
35846 4
35978 1
36110 2
36242 1
36242 3
36374 4
36507 2
36639 4
36771 1
36903 3
37035 1
37035 2
37167 2
37167 3
37299 3
37299 4
37432 1
37564 3
37564 4
37696 1
37828 4
37960 2
37960 3
38092 1
38225 4
38357 2
38357 3
38489 1
38621 2
38621 4
38753 1
38885 1
38951 2
39018 3
39084 4
39150 1
39216 2
39282 3
39348 4
39414 1
39480 2
39546 3
39612 4
39678 1
39678 3
39811 4
39943 1
39943 3
40009 4
40075 2
40207 4
40339 1
40339 3
40405 4
40471 2
40471 3
40603 1
40736 2
40802 3
40868 1
41000 1
41132 2
41264 3
41396 1
41529 2
41661 4
41793 2
41793 3
41925 1
41991 2
42057 3
42123 2
42189 1
42189 4
42454 1
42454 2
42718 3
42718 4
42982 3
43114 2
43247 1
43379 2
43379 4
43511 1
43511 3
43643 2
43643 4
43775 3
43907 1
43907 4
43974 3
44040 2
44106 3
44172 1
44304 1
44436 2
44568 1
44568 3
44700 2
44833 1
44833 4
45097 2
45361 3
45427 4
45493 3
45559 2
45625 3
45692 2
45758 1
45758 4
45890 3
46022 1
46022 2
46418 1
46418 2
46815 1
46815 2
47211 1
47211 2
47344 4
47410 3
47476 2
47542 1
47608 4
47674 3
47740 2
47806 1
47872 4
47938 3
48004 2
48070 3
48136 1
48136 4
48533 1
48533 4
48929 1
48929 4
49326 1
49326 4
49392 3
49458 4
49524 3
49590 2
49656 3
49722 1
49788 2
49855 3
49921 4
49987 1
50053 2
50119 3
50185 4
50251 1
50251 3
50383 4
50515 1
50515 3
50648 2
50780 3
50780 4
50912 1
51044 2
51044 3
51176 4
51308 1
51308 3
51440 4
51573 2
51573 4
51705 2
51837 1
51837 3
51969 4
52101 2
52101 4
52233 1
52366 2
52366 3
52498 1
52630 2
52630 4
52762 3
52894 1
52894 3
53026 2
53159 1
53159 4
53291 3
53423 2
53423 4
53555 3
53687 1
53687 2
53819 4
53951 2
53951 3
54084 1
54216 2
54216 3
54348 4
54480 1
54480 3
54612 2
54744 3
54744 4
54877 1
55009 2
55009 3
55141 4
55273 1
55273 3
55405 2
55537 3
55537 4
55670 1
55802 1
55802 3
55934 2
56066 2
56066 4
56198 4
56330 1
56330 3
56462 2
56595 3
56595 4
56727 4
56859 1
56859 2
56991 1
57123 2
57123 4
57255 2
57388 1
57388 3
57520 3
57652 1
57652 4
57784 2
57916 1
57916 4
58048 2
58114 3
58181 1
58181 4
58313 3
58313 4
58577 2
58709 1
58775 3
58841 1
58907 3
58974 2
58974 4
59370 3
59370 4
59766 1
59766 3
60163 1
60163 2
60295 4
60361 2
60427 4
60493 2
60559 4
60692 1
60758 3
60824 1
60890 3
60956 1
61022 3
61088 2
61088 4
61485 1
61485 4
61881 3
61881 4
62277 1
62277 2
62806 1
62938 2
62938 4
63070 1
63203 2
63335 3
63467 1
63599 2
63731 3
63863 4
63996 1
63996 3
64128 2
64260 3
64392 2
64788 1
65053 4
65449 3
65846 2
66110 3
66639 1
67035 4
67167 4
67233 1
68291 1
68291 3
69348 3
69348 4
69811 1
70339 2
70868 4
71396 1
71396 3
71529 2
71661 1
71661 4
71793 3
71925 2
72057 1
72057 3
72189 2
72189 4
72322 3
72454 1
72454 2
72586 3
72718 1
72718 2
72850 3
72850 4
72982 2
73114 1
73114 3
73247 2
73247 4
73379 3
73511 1
73511 4
73643 2
73775 3
73775 4
73907 1
74040 2
74172 3
74172 4
74304 1
74304 2
74436 3
74568 1
74700 1
74700 3
74833 2
74833 4
74965 3
75097 1
75097 2
75229 1
75361 3
75361 4
75493 4
75625 1
75625 3
75758 4
75890 2
75890 3
76022 1
76154 3
76286 1
76286 2
76418 3
76418 4
76551 1
76683 2
76683 4
76815 3
76947 2
76947 4
77079 1
77079 3
77211 4
77344 1
77344 2
77476 3
77476 4
77608 2
77740 1
77740 3
77872 2
78004 3
78004 4
78136 1
78269 3
78401 1
78401 2
78533 3
78533 4
78665 2
78797 1
78797 3
78929 2
79062 3
79062 4
79194 1
79194 2
79326 3
79458 2
79590 1
79590 3
79722 4
79855 1
79855 3
79987 4
80119 1
80119 3
80251 2
80383 3
80515 2
80515 4
80648 1
80648 3
80780 2
80912 3
80912 4
81044 2
81176 3
81176 4
81308 1
81308 2
81440 3
81573 1
81573 2
81705 3
81705 4
81837 1
81969 3
81969 4
82366 2
82366 3
82762 1
82762 2
83159 1
83291 2
83423 4
83555 1
83555 3
83687 1
83687 3
83819 2
83819 4
83951 3
84084 2
84084 4
84216 3
84348 1
84348 2
84480 3
84612 2
84744 1
84744 3
84877 2
84877 4
85009 3
85141 1
85141 2
85273 2
85405 3
85405 4
85537 1
85537 2
85670 4
85802 1
85802 2
85934 3
85934 4
86066 2
86198 1
86198 3
86330 4
86462 1
86462 3
86595 2
86727 3
86859 2
86859 4
86991 1
86991 3
87123 2
87255 1
87388 3
87388 4
87520 1
87520 2
87652 3
87784 1
87784 2
87916 4
88048 2
88048 3
88181 1
88181 2
88247 3
88247 4
88313 1
88313 2
88445 3
88445 4
88577 1
88577 2
88709 3
88841 1
88841 2
88974 4
89106 1
89106 2
89238 3
89370 1
89370 2
89502 3
89502 4
89634 1
89634 2
89766 4
89899 1
89899 2
90031 3
90031 4
90163 1
90163 2
90295 3
90295 4
90361 1
90361 2
90427 3
90427 4
90559 1
90559 2
90692 3
90692 4
90824 1
90956 3
90956 4
91088 2
91220 3
91220 4
91352 1
91485 3
91485 4
91617 1
91617 2
91749 3
91749 4
91881 1
92013 3
92013 4
92145 1
92145 2
92277 3
92277 4
92410 1
92410 3
92476 2
92476 4
92542 1
92542 3
92674 2
92674 4
92806 1
92806 3
92938 2
93070 1
93070 3
93203 4
93335 1
93335 3
93467 2
93599 1
93599 3
93731 2
93731 4
93863 1
93863 3
93996 2
94128 1
94128 3
94260 2
94260 4
94392 1
94392 3
94524 2
94524 4
94590 1
94590 3
94656 2
94656 4
94788 1
94921 2
95053 1
95053 4
95185 3
95317 4
95449 1
95449 3
95581 2
95714 2
95714 4
95846 3
95978 1
95978 4
96110 2
96242 1
96242 3
96374 2
96374 4
96507 1
96507 3
96639 4
96771 1
96771 4
97828 1
98621 3
98753 2
98885 1
98885 3
99546 1
99678 3
99811 2
99943 3
100736 3
100868 2
101000 3
101793 1
102057 2
102718 1
102850 2
102982 3
103114 4
103775 2
103907 3
104040 4
104172 3
104700 2
105229 3
105625 4
106022 2
106286 1
107344 1
107344 4
107608 1
107872 4
108136 1
108269 4
108401 1
108533 4
108665 1
108797 1
108929 4
109194 2
109458 1
109722 1
109987 1
110119 1
110251 4
110648 1
110780 1
110912 1
111044 4
111176 1
111308 2
111440 3
111573 1
111573 4
111705 2
111837 2
111837 3
111969 1
112101 2
112233 3
112366 4
112498 2
112630 1
112630 3
112762 2
112894 4
113026 1
113026 3
113159 2
113291 4
113423 1
113423 3
113555 2
113687 1
113687 4
114084 2
114480 3
115537 4
115670 3
115802 1
115802 4
115934 2
116066 3
116066 4
116198 1
116330 2
116330 3
116462 1
116595 2
116595 4
116727 1
116727 3
116859 2
116859 4
116991 3
117123 1
117123 2
117255 3
117388 2
117388 4
117520 1
117652 2
117652 4
117784 1
117784 3
117916 2
117916 4
118048 1
118181 2
118181 4
118313 3
118445 1
118445 2
118577 4
118709 1
118709 3
118841 2
118974 3
118974 4
119106 1
119238 2
119238 4
119370 3
119502 1
119502 4
119634 1
119634 2
119766 1
119766 3
119899 2
119899 3
120031 2
120031 4
120163 3
120295 1
120295 4
120427 2
120559 1
120559 3
120692 1
120692 2
120824 2
120824 3
120956 3
120956 4
121088 2
121088 3
121220 1
121352 2
121352 4
121485 3
121617 1
121617 2
121749 3
121881 1
121881 4
122013 2
122145 1
122145 3
122277 2
122410 1
122410 3
122542 2
122542 4
122674 1
122674 3
122806 4
122938 1
122938 2
123070 3
123203 1
123203 4
123335 2
123467 1
123467 4
123599 3
123731 1
123731 4
123863 2
123996 1
123996 3
124128 1
124128 3
124260 2
124260 4
124392 3
124524 1
124524 2
124656 3
124788 2
124788 4
124921 1
125053 2
125053 4
125185 1
125185 3
125317 2
125317 4
125449 1
125581 3
125581 4
125714 2
125846 2
125846 4
125978 1
125978 3
126110 2
126110 4
126242 1
126242 3
126374 2
126374 4
126507 3
126639 1
126639 2
126771 3
126903 2
126903 4
127035 1
127167 3
127167 4
127299 1
127432 2
127432 4
127564 3
127696 1
127696 4
127828 3
127960 2
127960 4
128092 1
128092 2
128225 1
128225 3
128357 2
128357 3
128489 2
128489 4
128885 2
128885 4
129282 1
129282 3
129546 4
129811 1
129811 3
130075 4
130207 1
130207 2
130339 4
130471 1
130471 2
130603 1
130603 4
131000 2
131396 4
131661 1
131925 1
132189 1
132718 2
132718 4
132850 2
132850 4
133114 2
133114 4
133247 2
133247 4
133511 2
133511 4
133643 2
133643 4
133907 2
133907 4
134040 2
134040 4
134304 2
134304 4
134436 2
134436 4
134700 2
134700 4
134833 2
134833 3
135097 2
135097 3
135229 2
135229 3
135493 2
135493 3
135625 2
135625 3
135890 2
135890 3
136022 2
136022 3
136286 2
136286 3
136418 2
136418 3
136551 2
136551 3
136683 2
136683 3
136815 2
136815 3
137079 1
137079 3
137211 1
137211 3
137476 1
137476 3
137608 1
137608 3
137872 1
137872 3
138004 1
138004 3
138269 1
138269 3
138401 1
138401 3
138665 1
138665 3
138797 1
138797 3
139062 2
139062 4
139194 2
139194 4
139458 2
139458 4
139590 2
139590 4
139855 2
139855 4
139987 2
139987 4
140251 2
140251 4
140383 2
140383 4
140515 1
140515 3
140648 1
140648 3
140780 2
140780 4
140912 2
140912 4
141044 1
141044 2
141044 4
142233 3
143291 2
144348 1
144381 2
144414 3
144447 4
