1181
-380 1
-380 4
365 3
645 2
924 1
924 4
1297 2
1390 3
1483 4
1576 3
1670 2
1856 1
2135 2
2415 3
2601 1
2601 4
3347 3
3626 2
3906 1
3906 4
4278 3
4340 4
4402 2
4465 1
4527 4
4589 3
4651 2
4713 1
4775 3
4837 4
5117 2
5396 3
5583 1
5583 4
6328 3
6607 2
6887 1
6887 4
7260 2
7353 3
7446 4
7539 3
7632 2
7819 1
8098 2
8378 3
8564 1
8564 4
9309 3
9589 2
9868 1
9868 3
10241 2
10241 4
10427 3
10520 2
11545 1
11545 4
11732 2
11918 3
12104 4
12151 3
12197 2
12244 1
12291 4
12477 1
12663 3
12850 1
12896 2
12943 3
12989 4
13036 1
13222 2
13409 3
13595 1
13642 2
13688 3
13735 4
13781 1
13875 2
13968 3
14061 2
14154 4
14340 1
14434 2
14527 3
14713 2
14899 3
15086 4
15132 3
15179 2
15225 1
15272 4
15458 3
15645 2
15831 1
15878 2
15924 3
15971 4
16017 1
16111 2
16204 4
16297 3
16390 1
16483 2
16576 4
16623 3
16670 2
16716 1
16763 4
16856 3
16949 4
17042 1
17135 3
17229 4
17322 1
17368 2
17415 3
17461 4
17508 1
17601 3
17694 2
17788 3
17881 4
17974 1
18067 4
18114 3
18160 2
18207 1
18253 4
18347 2
18440 1
18533 3
18626 2
18719 4
18812 1
18859 2
18906 3
18952 4
18999 1
19092 2
19185 4
19232 3
19278 2
19325 1
19371 4
19465 3
19558 1
19604 2
19651 3
19697 4
19744 1
19837 2
19930 4
19977 3
20024 2
20070 1
20117 4
20210 3
20303 1
20350 2
20396 3
20443 4
20489 1
20536 2
20583 3
20629 4
20676 1
20722 2
20769 3
20815 4
20862 1
20909 2
20955 3
21002 4
21048 1
21095 2
21142 3
21188 4
21235 1
21421 2
21514 3
21607 4
21794 3
21980 1
24589 4
24961 2
24961 3
25148 1
25334 3
25334 4
25427 2
25520 1
25614 2
25707 3
25707 4
25800 1
25893 3
25986 1
26079 2
26079 4
26173 3
26266 2
26359 1
26452 3
26452 4
26638 2
26732 3
26825 1
26825 4
26918 2
27011 4
27104 2
27197 3
27197 4
27291 1
27384 3
27570 1
27570 2
27663 4
27756 3
27943 1
27943 2
28129 3
28222 2
28315 3
28315 4
28409 1
28502 4
28595 1
28688 2
28688 3
28781 4
28875 3
28968 2
29061 1
29061 4
29154 2
29247 3
29340 4
29434 2
29620 1
29620 4
29806 2
29806 3
29993 1
29993 4
30179 3
30179 4
30272 1
30365 2
30458 3
30552 4
30645 3
30738 2
30831 1
30924 3
31017 2
31111 4
31204 1
31297 2
31390 3
31483 2
31576 3
31670 1
31670 4
31763 3
31856 2
31949 3
32042 1
32042 2
32135 4
32229 3
32322 2
32415 1
32601 4
32694 3
32788 1
32788 2
32881 4
32974 2
33067 3
33160 1
33160 4
33253 2
33347 3
33347 4
33440 1
33533 2
33533 4
33626 3
33719 2
33812 1
33906 3
33906 4
34092 2
34185 3
34185 4
34278 1
34371 2
34465 3
34558 4
34651 1
34651 2
34837 3
34930 1
34930 4
35117 2
35210 3
35303 2
35396 1
35396 4
35583 2
35583 3
35769 3
35769 4
35862 1
35862 2
36142 3
36142 4
36514 1
36607 3
36701 2
36794 4
36887 1
36887 3
37166 3
37166 4
37353 2
37446 1
37446 4
37539 3
37632 2
37725 1
37725 4
37819 2
37912 3
38005 4
38098 1
38098 3
38191 2
38284 3
38378 4
38471 1
38471 2
38564 4
38657 1
38657 2
38750 3
38843 2
38937 3
39030 2
39030 4
39123 1
39216 2
39216 3
39309 4
39402 2
39496 3
39589 1
39589 4
39682 2
39775 1
39868 4
39961 2
39961 3
40055 4
40148 2
40148 3
40241 1
40334 3
40427 1
40520 3
40520 4
40614 2
40707 1
40707 4
40800 3
40893 4
40986 2
41079 1
41173 3
41266 2
41359 4
41452 1
41452 3
41545 4
41638 1
41638 2
41732 3
41825 2
41918 1
42011 2
42011 3
42104 4
42197 1
42291 2
42384 1
42384 3
42477 4
42570 2
42663 3
42756 2
42850 1
42850 3
42943 4
43036 2
43129 1
43129 3
43222 2
43315 4
43409 2
43409 3
43502 4
43595 1
43688 2
43688 4
43781 3
43874 2
43968 4
44061 1
44061 3
44154 2
44247 4
44340 3
44434 1
44434 2
44527 3
44620 2
44620 4
44713 3
44806 1
44899 4
44993 2
45086 3
45179 1
45179 2
45272 4
45365 3
45458 1
45552 2
45552 4
45645 3
45738 4
45831 1
45831 2
45924 3
46017 2
46111 3
46204 1
46204 4
46297 3
46390 2
46483 3
46576 1
46576 4
46670 3
46763 2
46856 1
46949 2
46949 4
47042 3
47135 2
47229 4
47322 1
47322 3
47415 2
47508 3
47601 4
47694 1
47788 2
47881 3
47974 4
48067 1
48160 2
48253 1
48347 3
48440 4
48533 3
48626 2
48719 1
48812 2
48812 4
48906 3
48999 2
49092 1
49092 4
49185 3
49278 1
49278 2
49465 3
49465 4
49558 2
49651 1
49744 3
49744 4
49837 2
49930 1
50024 3
50024 4
50210 1
50210 2
50303 3
50396 2
50489 3
50489 4
50583 1
50676 2
50769 3
50769 4
50862 1
50862 2
50955 3
51048 4
51142 1
51235 4
51328 1
51421 3
51607 2
51794 1
51794 4
51887 2
51980 4
52073 1
52073 3
52166 4
52260 1
52260 2
52446 3
52446 4
52539 2
52632 1
52725 3
52725 4
52819 2
52912 1
53005 3
53005 4
53191 1
53191 2
53284 3
53378 2
53471 3
53564 1
53564 2
53657 4
53750 1
53843 2
53937 3
53937 4
54030 2
54123 3
54216 2
54309 1
54309 4
54402 2
54496 3
54589 4
54682 3
54775 1
54775 2
54961 3
55148 4
55334 2
55427 1
55520 3
55614 2
55707 3
55800 4
56079 1
56266 2
56266 3
56266 4
59620 1
59806 2
59993 3
60179 4
60365 2
60552 1
60738 3
60924 2
61111 3
61297 4
61483 1
61670 2
61856 3
62042 2
62229 4
62415 3
62508 2
62694 1
62788 3
62974 2
63160 1
63347 4
63533 2
63626 3
63719 4
63812 2
63906 1
63999 3
64092 4
64371 2
64465 3
64558 2
64651 1
64744 2
64837 3
64930 4
65024 3
65117 2
65210 1
65303 3
65396 2
65489 3
65583 1
65676 2
65769 3
65862 4
65955 2
66048 1
66142 3
66235 2
66328 3
66421 4
66514 3
66607 2
66701 1
66794 3
66887 2
66980 3
67073 4
67166 1
67260 2
67353 4
67446 3
67539 2
67632 3
67725 1
67819 4
67912 3
68005 2
68098 1
68191 3
68191 4
68378 2
68564 3
68750 4
68797 3
68843 2
68890 1
68937 4
69123 2
69309 3
69496 1
69542 2
69589 3
69635 4
69682 1
69868 2
70055 3
70241 4
70288 3
70334 2
70381 1
70427 4
70520 3
70614 2
70707 3
70800 4
70986 3
71079 2
71173 1
71359 2
71545 3
71732 4
71778 3
71825 2
71871 1
71918 4
72104 3
72291 4
72477 1
72524 2
72570 3
72617 4
72663 1
72756 2
72850 4
72943 3
73036 1
73129 2
73222 4
73269 3
73315 2
73362 1
73409 4
73502 2
73595 3
73688 1
73781 4
73875 3
73968 1
74014 2
74061 3
74107 4
74154 1
74247 3
74340 2
74434 3
74527 2
74620 1
74713 4
74760 3
74806 2
74853 1
74899 4
74993 2
75086 1
75179 3
75272 2
75365 4
75458 1
75505 2
75552 3
75598 4
75645 1
75738 2
75831 4
75878 3
75924 2
75971 1
76017 4
76111 3
76204 1
76250 2
76297 3
76343 4
76390 1
76483 2
76576 4
76623 3
76670 2
76716 1
76763 4
76856 3
76949 1
76996 2
77042 3
77089 4
77135 1
77182 2
77229 3
77275 4
77322 1
77368 2
77415 3
77461 4
77508 1
77555 2
77601 3
77648 4
77694 1
77741 2
77788 3
77834 4
77881 1
78067 2
78160 3
78253 4
78440 3
78626 1
80117 3
80210 4
80303 3
80396 2
80489 4
80583 3
80676 4
80769 2
80862 4
81142 2
81235 4
81328 3
81421 2
81514 3
81607 4
81701 3
81794 2
81887 1
81980 2
82073 3
82260 4
82353 3
82446 1
82539 2
82725 3
82819 1
82912 2
83005 4
83098 3
83191 1
83284 2
83378 1
83471 3
83750 4
83843 2
83937 3
84030 2
84123 1
84216 4
84309 3
84402 2
84496 1
84589 3
84682 2
84775 3
84868 1
84961 2
85055 3
85241 4
85334 1
85427 3
85520 2
85614 3
85707 1
85800 2
85893 3
85986 4
86079 3
86173 2
86266 3
86359 1
86452 4
86545 2
86638 3
86732 4
86825 2
86918 3
87011 2
87104 3
87197 4
87291 3
87384 2
87477 1
87570 2
87663 3
87756 4
87850 1
87943 2
88036 3
88222 4
88315 3
88409 1
88502 2
88688 3
88781 1
88874 2
88968 4
89061 3
89154 1
89247 2
89340 1
89434 3
89713 4
89806 2
89899 3
89993 2
90086 1
90179 4
90272 3
90365 2
90458 1
90552 4
90645 4
90738 2
90831 2
90924 3
91017 3
91111 1
91204 1
91297 2
91670 4
92042 3
92135 2
92229 3
92322 2
92508 4
92601 3
92694 4
92788 2
92881 1
92974 2
93067 1
93160 4
93253 3
93347 2
93440 1
93533 2
93626 3
93719 4
93812 2
93906 1
93906 4
93999 3
94185 4
94278 3
94371 1
94465 2
94651 3
94744 1
94837 2
94930 4
95024 3
95117 1
95210 2
95303 1
95396 3
95676 4
95769 2
95862 3
95955 2
96048 3
96142 4
96235 3
96328 2
96421 1
96514 3
96607 4
96701 3
96794 1
96887 2
96980 3
97166 4
97260 1
97353 3
97446 2
97539 3
97632 2
97725 1
97819 3
97912 4
98005 3
98098 2
98191 3
98284 2
98378 1
98471 2
98564 1
98657 4
98750 3
98843 2
98937 3
99030 2
99123 4
99216 1
99309 4
99402 1
99496 3
99496 4
99682 2
99775 3
99868 2
100055 1
100241 3
100241 4
100334 1
100427 2
100520 3
100614 1
100707 2
100800 3
100893 4
100986 1
100986 3
101079 2
101173 3
101266 1
101359 4
101452 3
101545 2
101638 1
101732 2
101732 4
101825 3
101918 1
102011 4
102104 3
102197 2
102291 3
102384 2
102477 3
102477 4
102570 2
102663 1
102756 3
102850 2
102943 4
103036 3
103129 2
103222 1
103222 4
103315 2
103409 3
103502 4
103595 3
103688 2
103781 3
103875 1
103968 2
103968 4
104061 3
104154 2
104247 1
104340 2
104434 3
104527 2
104620 4
104713 3
104806 2
104899 1
104993 3
105086 4
105179 3
105272 2
105365 1
105458 3
105458 4
105645 2
105831 1
106017 2
106204 3
106390 1
106483 2
106576 3
106763 1
106949 3
107135 2
107229 3
107322 4
107415 3
107508 2
107694 1
107974 2
108253 3
108440 1
108440 4
108626 2
108812 3
108999 2
109185 1
109371 3
109465 2
109558 1
109744 4
109930 2
110117 3
110179 4
110241 2
110303 1
110396 3
110489 2
110583 1
110676 3
110769 4
110862 3
110955 2
111048 1
111235 3
111421 4
111514 1
111701 3
111794 1
111794 2
111980 3
112166 1
112353 3
112446 2
112539 4
112725 1
112912 3
113098 2
113284 4
113471 2
113657 1
113937 2
114123 1
114216 3
114402 1
114402 4
114589 2
114682 1
114868 3
115055 1
115148 3
115334 4
115427 2
115614 3
115707 2
115800 1
115893 3
115986 4
116079 3
116173 2
116266 1
116359 3
116452 2
116545 1
116638 3
116732 4
116825 3
116918 2
117011 1
117104 2
117197 3
117291 4
117384 2
117477 3
117570 1
117663 2
117756 3
117850 4
118036 3
118129 2
118222 1
118315 3
118409 2
118502 4
118595 1
118781 2
118875 3
118968 2
119061 1
119154 3
119247 4
119340 2
119434 3
119527 1
119620 2
119713 3
119806 4
119899 3
119993 1
120179 2
120365 4
120458 3
120552 2
120645 3
120738 2
120831 1
121017 3
121111 4
121204 2
121297 1
121390 2
121483 3
121576 4
121763 1
121856 2
121949 4
122042 3
122135 2
122229 1
122322 3
122415 4
122508 1
122601 2
122694 3
122788 2
122881 4
122974 1
123067 2
123160 3
123253 4
123347 1
123347 2
123347 3
123533 1
123533 2
123533 3
123533 4
