887
311 1
832 3
832 4
1093 2
1354 4
1485 3
1615 2
1876 1
2006 2
2137 3
2267 4
2398 1
2528 2
2659 3
2789 1
2919 3
3050 2
3180 4
3311 3
3441 2
3572 1
3702 4
3832 3
3963 2
4093 1
4224 3
4224 4
4354 3
4354 4
4485 1
5137 4
5267 2
5398 4
5528 1
5659 3
5789 1
6050 2
6311 3
6441 1
6572 4
6702 2
6832 3
6963 1
7093 3
7224 2
7354 4
7485 1
7615 2
7746 3
7876 4
8006 1
8137 2
8267 3
8398 1
8398 2
8398 4
8659 4
8919 1
8919 4
9180 4
9441 2
9441 4
9702 4
9963 3
9963 1
10224 2
10354 1
10485 2
10485 4
10746 1
11006 1
11267 1
11528 1
11659 3
11789 2
11919 3
12050 1
12311 3
12441 2
12572 1
12572 3
12832 3
13093 3
13354 3
13615 2
13615 4
13876 4
14137 1
14137 4
14398 3
14528 2
14659 1
14659 3
14919 4
15050 2
15311 4
15441 2
15702 3
15702 4
15832 1
16093 3
16224 1
16224 2
16354 4
16485 3
16615 2
16746 3
16746 4
17006 2
17267 4
17398 3
17528 2
17789 1
17919 2
18050 3
18180 4
18311 3
18441 2
18572 1
18702 2
18832 3
19093 4
19224 2
19354 4
19485 1
19615 3
19746 1
19876 2
19876 4
20006 3
20137 1
20267 4
20398 2
20528 3
20659 1
20724 2
20789 3
20854 2
20919 1
20919 4
21050 3
21180 1
21311 4
21441 2
21572 4
21702 1
21832 3
21963 1
22093 4
22224 2
22354 4
22485 1
22572 3
22659 2
22746 3
23006 4
23006 1
23528 2
23528 3
24050 1
24050 3
24572 1
24572 4
25093 4
25615 2
25876 3
26137 1
26137 4
26659 3
27180 3
27180 1
27702 2
27963 4
28224 1
28224 4
28746 3
29267 1
29267 3
29789 2
30050 3
30311 1
30311 3
30832 2
31224 1
31354 2
31354 4
31876 3
32137 1
32398 2
32398 4
32789 4
32919 1
32919 3
33441 1
33441 3
33441 4
33963 2
33963 3
34224 3
34224 4
34485 1
34485 4
35006 2
35006 3
35528 1
35528 3
35528 4
36050 1
36050 2
36311 3
36311 2
36572 3
36572 4
37093 1
37093 2
37093 4
37615 2
37615 3
37876 1
38006 2
38006 3
38267 4
38398 2
38398 1
38659 3
38659 4
38919 1
38919 2
39180 3
39180 4
39441 1
39441 2
39702 3
39702 4
39832 3
39832 4
40093 1
40093 2
40224 1
40224 2
40485 3
40485 2
40615 2
40615 3
40876 3
40876 4
41006 3
41006 4
41267 2
41267 3
41528 1
41528 2
41789 4
41789 3
41919 3
41919 4
42180 3
42180 4
42311 3
42311 4
42572 3
42572 4
42702 3
42702 4
42963 2
43093 2
43224 3
43354 3
43485 1
43615 1
43746 4
43876 1
43876 4
44006 2
44137 3
44267 1
44267 4
44398 2
44528 3
44659 1
44659 4
44789 2
44919 3
45050 2
45180 3
45180 4
45311 1
45441 2
45441 3
45572 4
45702 1
45702 2
45832 3
45963 4
45963 1
46093 2
46224 3
46354 1
46354 2
46485 4
46615 2
46746 3
46746 4
46876 1
47006 2
47006 3
47137 4
47267 3
47398 1
47398 2
47528 1
47528 2
47659 4
47789 1
47919 3
48050 1
48050 2
48180 4
48311 2
48441 4
48441 3
48572 3
48572 4
48702 1
48832 4
48963 2
49093 3
49093 4
49224 1
49354 3
49485 1
49485 2
49615 2
49615 1
49746 4
49876 3
49876 2
50006 1
50137 3
50137 4
50267 2
50398 4
50528 1
50528 2
50659 1
50659 2
50789 4
50919 1
51050 3
51050 2
51180 2
51180 3
51311 4
51441 1
51572 3
51572 4
51702 1
51702 3
51702 4
52224 3
52224 4
52354 2
52485 3
52615 1
52615 4
52746 2
52876 3
53006 1
53006 4
53137 2
53267 3
53398 2
53528 3
53528 4
53659 1
53789 2
53789 3
53919 1
54050 3
54050 4
54180 2
54311 1
54311 4
54441 3
54572 1
54572 2
54702 4
54832 3
54832 2
55028 1
55028 2
55224 3
55224 4
55354 3
55354 4
55485 1
55615 3
55615 4
55746 1
55746 2
55876 4
56006 2
56137 4
56137 3
56267 1
56398 2
56398 3
56528 4
56659 3
56789 1
56789 2
56919 4
57050 2
57180 3
57180 4
57311 1
57441 2
57441 3
57572 4
57702 1
57702 2
57832 4
57963 2
57963 3
58093 1
58224 3
58224 4
58354 1
58485 2
58485 3
58615 4
58746 1
58876 3
59006 1
59006 2
59137 3
59267 1
59398 4
59528 2
59528 3
59659 4
59789 1
59919 3
60050 1
60050 2
60137 4
60224 3
60311 1
60398 2
60485 3
60572 4
60572 1
60832 2
60963 3
61093 4
61224 3
61354 2
61485 1
61615 4
61746 3
61876 2
62006 1
62137 4
62267 3
62398 2
62528 1
62659 3
62659 4
62789 1
62789 2
63050 1
63050 2
63180 3
63180 4
63441 3
63441 4
63572 1
63572 2
63832 1
63832 2
63963 3
63963 4
64224 4
64354 3
64485 2
64615 1
64746 3
64746 4
65267 1
65398 2
65528 3
65659 2
65789 3
65919 4
66050 1
66180 2
66311 3
66441 4
66572 1
66702 2
66767 4
66832 3
67876 3
68398 2
68919 3
68919 4
69050 1
69311 2
69441 3
69441 4
69702 1
69832 3
70093 3
70224 2
70485 3
70485 4
70746 2
71006 4
71006 3
71137 1
71398 3
71528 1
71528 2
71789 4
71919 2
72180 2
72311 3
72572 1
72572 2
72832 3
73093 1
73093 2
73224 4
73485 2
73615 3
73615 4
73876 1
74006 3
74267 3
74398 2
74659 3
74659 4
74919 2
75180 4
75180 3
75311 1
75572 3
75702 1
75702 2
75963 3
76093 3
76224 1
76224 2
76354 4
76485 1
76615 3
76746 2
76876 2
77006 4
77137 1
77267 3
77528 2
77528 1
77659 4
78050 1
78050 2
78311 3
78572 1
78572 4
78832 2
79093 3
79093 4
79354 2
79354 1
79615 4
79876 1
79876 3
80137 4
80398 2
80398 3
80659 4
80919 1
80919 3
81180 2
81441 4
81441 1
81702 3
81832 1
82224 2
82485 1
82746 2
83006 3
83267 1
83267 4
83528 1
83528 2
83659 1
83659 2
83919 2
83919 3
84050 2
84050 3
84311 3
84311 4
84441 3
84441 4
84702 2
84702 3
84832 2
84832 3
85093 4
85093 1
85354 2
85354 3
85746 4
85876 3
86006 2
86137 1
86267 4
86398 3
86528 2
86659 1
86659 4
87702 1
88093 2
88485 2
89006 3
89006 4
89137 1
89267 2
89267 3
89398 4
89528 1
89528 2
89659 3
89789 1
89789 4
89919 2
90050 3
90180 2
90180 1
90311 4
90441 2
90572 3
90572 4
90702 1
90832 2
90832 3
90963 4
91093 3
91224 1
91224 2
91354 1
91354 2
91485 4
91615 1
91746 3
91876 1
91876 2
92137 3
92137 4
92267 1
92398 1
92528 3
92528 4
92659 2
92919 4
92919 3
93180 2
93180 1
93311 4
93441 4
93572 2
93572 1
93702 3
93702 4
93963 1
93963 2
94354 3
94354 4
94485 3
94485 4
94876 1
94876 2
95006 1
95006 2
95398 3
95398 4
95528 3
95528 4
96050 1
96050 2
96441 1
96441 2
96572 4
96832 4
96832 3
96963 1
97224 2
97354 3
97354 4
97485 1
97615 2
97615 3
97746 3
97876 1
97876 4
97963 2
98050 3
98137 1
98137 4
98267 2
98398 3
98398 4
98659 1
98659 2
98854 2
98854 3
99050 3
99050 4
99180 3
99180 4
99441 1
99441 2
99572 1
99572 2
100224 3
100224 4
100354 1
100485 3
100615 1
100615 2
100746 4
100876 2
101006 3
101006 4
101137 1
101267 2
101267 3
101398 4
101528 1
101528 2
101659 4
101789 2
101789 3
101919 1
102050 3
102050 4
102180 1
102311 2
102311 3
102441 4
102572 1
102572 2
102702 4
102832 2
102832 3
102963 1
103093 3
103093 4
103224 2
103354 1
103354 4
103485 3
103615 2
103746 1
103746 4
103876 3
104006 2
104137 1
104137 4
104267 3
104398 1
104398 2
104398 4
104789 2
104789 1
105180 3
105180 4
105441 1
105441 4
105702 1
105702 2
105963 2
105963 3
106224 3
106224 4
106485 1
106485 4
107006 2
107006 3
107528 1
107528 2
108050 1
108050 4
108572 3
108572 4
108702 1
108702 2
108963 1
108963 2
109093 3
109093 4
109354 3
109354 4
109485 1
109485 2
109746 3
109746 4
109876 1
109876 2
110137 2
110137 3
110267 1
110267 4
110398 2
110398 3
110528 1
110528 4
110659 2
110659 3
110789 1
110789 4
111050 1
111050 2
111180 3
111180 4
111441 3
111441 4
111572 1
111572 2
111832 3
111832 4
111963 1
111963 2
112224 3
112224 4
112746 1
112746 2
112876 1
112876 2
113137 2
113137 3
113267 2
113267 3
113528 3
113528 4
113659 3
113659 4
113919 1
113919 2
114050 1
114050 2
114311 3
114311 4
114441 1
114441 2
114572 3
114572 4
114702 1
114702 2
114832 3
114832 4
114963 3
114963 4
115224 1
115224 2
115354 1
115354 2
115615 3
115615 4
115746 3
115746 4
116006 1
116006 2
116137 3
116137 4
116267 1
116267 2
116398 3
116398 4
116528 3
116528 4
116659 1
116659 2
116789 1
116789 2
