1249
837 3
1774 2
2478 1
2595 3
2712 2
2712 4
4353 4
4411 3
4470 2
4528 1
4587 3
4587 4
5407 3
5524 1
6228 4
6345 2
6462 1
6462 3
6696 4
7751 1
7751 3
7868 4
7985 2
8103 1
8103 3
8220 2
8337 1
8337 4
8571 3
8689 2
8689 3
8689 4
9040 1
9157 1
9157 2
9157 3
9509 4
9626 1
9626 3
9626 4
9978 2
10095 1
10095 2
10095 4
10564 3
10681 2
10798 1
10915 4
11032 3
11149 1
11149 2
11501 4
11618 1
11970 1
12087 3
12087 4
12204 3
12321 1
12321 2
12439 3
12439 4
12556 1
12673 2
12790 3
12790 4
12907 4
13024 2
13024 3
13142 1
13142 4
13259 2
13376 3
13493 1
13493 2
13610 2
13728 3
13728 4
13845 3
13962 1
13962 2
14079 2
14196 3
14196 4
14314 1
14314 2
14431 4
14548 3
14665 1
14665 2
14782 1
14899 2
14899 3
15017 1
15017 4
15134 3
15251 2
15368 3
15368 4
15485 3
15603 1
15603 2
15720 2
15837 3
15837 4
15954 1
15954 2
16071 3
16071 4
16189 1
16189 2
16306 3
16423 4
16540 1
16540 2
16657 3
16657 4
16774 1
16774 2
16892 3
16892 4
17009 2
17126 1
17243 3
17243 4
17360 1
17360 2
17478 3
17478 4
17595 1
17595 2
17712 3
17829 1
17829 4
17946 2
17946 3
18064 1
18064 4
18181 2
18181 3
18298 1
18298 4
18415 2
18415 3
18532 1
18532 3
18532 4
18767 2
18825 3
18884 4
18942 3
19001 2
19235 4
19294 3
19353 2
19411 4
19470 3
19528 2
19646 4
19704 3
19763 2
19880 4
19939 3
19997 2
20056 3
20114 4
20173 2
20231 3
20290 4
20524 1
20524 2
20642 3
20759 1
20759 4
20876 2
20993 3
20993 4
21110 2
21228 1
21228 4
21345 3
21462 1
21462 2
21579 4
21696 2
21696 3
21814 1
21931 3
21931 4
22048 2
22165 1
22165 3
22282 4
22399 1
22399 2
22517 4
22634 1
22634 3
22751 2
22868 1
22868 4
22985 3
23103 2
23103 4
23220 1
23337 3
23337 4
23454 2
23571 1
23571 4
23689 3
23806 1
23806 2
23923 3
24040 1
24040 4
24157 2
24274 3
24274 4
24392 1
24509 2
24509 3
24626 4
24743 1
24743 2
24860 3
24978 2
24978 4
25095 1
25212 3
25212 4
25329 1
25446 2
25446 4
25564 3
25681 1
25681 4
25798 2
25915 1
25915 3
26032 4
26149 1
26149 2
26267 3
26384 2
26384 4
26501 1
26618 3
26618 4
26735 2
26853 1
26853 4
26970 3
27087 1
27087 2
27165 3
27165 4
27243 2
27321 1
27321 4
27399 3
27478 1
27478 2
27556 4
27634 3
27712 1
27712 2
27790 3
27790 4
27868 2
27946 1
27946 4
28024 3
28259 1
28259 2
28376 4
28493 1
28493 3
28610 2
28728 3
28728 4
28845 1
28962 2
28962 4
29079 3
29196 1
29196 2
29314 4
29431 2
29431 3
29548 1
29665 3
29665 4
29782 2
29899 1
29899 3
30017 4
30134 1
30134 2
30251 3
30368 2
30368 4
30485 1
30603 3
30603 4
30720 2
30837 1
30837 4
30954 3
31013 2
31071 1
31071 4
31130 3
31189 1
31189 2
31306 4
31364 3
31423 1
31481 2
31540 3
31540 4
31599 2
31657 1
31657 4
31892 2
31892 3
32009 1
32009 4
32243 1
32243 4
32360 2
32478 3
32478 4
32595 2
32712 1
32712 4
32771 3
32829 2
32888 4
32946 1
32946 3
33005 2
33064 4
33122 3
33181 1
33181 2
33239 4
33298 3
33356 2
33415 1
33415 4
33474 2
33532 3
33532 4
34001 3
34118 1
34118 2
34587 1
34587 2
34587 4
34939 2
34939 3
34939 4
35407 1
35407 2
35642 4
35759 3
35876 4
35993 3
36110 2
36228 1
36286 2
36345 3
36403 4
36462 1
36462 2
36814 4
36872 3
36931 1
36931 2
37048 4
37106 3
37165 2
37224 1
37282 4
37341 3
37399 1
37399 2
37751 2
37751 3
38220 3
38220 4
38571 1
38649 2
38728 3
38806 4
38884 1
38962 2
39040 4
39118 3
39196 2
39274 1
39274 4
39743 1
39743 2
39860 3
39919 2
39978 1
39978 4
40036 2
40095 3
40095 4
40153 1
40153 2
40212 3
40212 4
40564 2
40564 3
40915 1
40915 2
41618 4
41970 3
42321 1
42321 2
42399 4
42478 3
42556 1
42556 2
42673 3
42673 4
42790 1
42790 2
42907 3
42907 4
43024 1
43024 2
43376 2
43376 3
43728 3
43728 4
44079 2
44079 4
44196 3
44314 1
44431 2
44548 4
44665 3
44782 2
44899 1
44899 4
45017 2
45017 3
45134 1
45134 4
45251 2
45251 3
45485 1
45485 2
45720 1
45720 3
45954 3
45954 4
46071 1
46071 2
46130 4
46189 3
46247 2
46306 1
46364 4
46423 3
46481 2
46540 1
46599 4
46657 3
46716 2
46774 1
46774 4
46892 2
46892 3
47009 1
47009 4
47126 2
47126 3
47360 2
47360 4
47595 3
47595 4
47829 1
47829 3
47946 2
47946 4
48005 3
48064 1
48122 2
48181 3
48239 4
48298 1
48356 2
48415 3
48474 4
48532 1
48591 2
48649 3
48649 4
48767 1
48767 2
48884 3
48884 4
49001 1
49001 2
49235 1
49235 3
49470 3
49470 4
49704 1
49704 4
49821 2
49821 3
49939 4
50056 1
50173 2
50290 3
50407 1
50407 4
50993 4
51462 4
51696 4
51931 4
52165 4
52399 1
52399 2
52517 3
52517 4
52751 2
52751 4
52868 1
52868 3
53103 2
53103 3
53220 1
53220 4
53454 3
53454 4
53571 1
53571 2
53806 1
53923 2
54040 3
54157 4
54216 3
54274 1
54274 2
54978 4
55095 3
55915 2
56149 4
56384 3
56501 1
56853 2
56970 3
57556 4
57790 3
58024 1
58024 4
58259 3
58376 1
58376 2
58610 3
58728 2
58728 4
59196 3
59196 4
59431 1
59431 2
59665 3
59665 4
59899 1
59899 2
60251 3
60251 4
61423 2
61540 4
61657 1
61774 2
62243 4
62360 1
62478 3
62595 2
62946 4
63181 1
63415 3
63649 2
64001 4
64470 1
64587 2
64939 4
65056 3
65173 2
65290 1
65407 3
65524 2
65524 4
65642 1
65759 3
65759 4
65876 2
65993 1
65993 4
66110 3
66228 1
66228 2
66345 3
66345 4
66462 1
66462 2
66579 3
66696 2
66696 4
66814 1
66931 3
66931 4
67048 2
67165 1
67165 3
67282 4
67399 2
67399 3
67517 1
67634 3
67634 4
67751 2
67868 1
67868 3
67985 4
68103 1
68103 2
68220 3
68337 2
68337 4
68454 1
68571 3
68571 4
68689 1
68806 2
68806 3
68923 4
69040 1
69040 3
69157 2
69274 1
69274 4
69392 2
69509 3
69509 4
69626 2
69743 1
69743 4
69860 3
69978 1
69978 2
70095 3
70212 1
70212 4
70329 2
70446 3
70446 4
70564 2
70681 1
70681 4
70798 3
70915 1
70915 2
71032 4
71149 2
71149 3
71267 1
71384 3
71384 4
71501 2
71618 1
71618 3
71735 4
71853 1
71853 2
71970 3
72087 2
72087 4
72204 1
72321 4
72439 4
72556 1
72673 1
72790 4
72907 4
73024 1
73024 2
73142 3
73259 2
73259 4
73376 1
73493 3
73493 4
73610 2
73728 1
73728 4
73845 3
73962 1
73962 2
74079 4
74196 2
74196 3
74314 1
74431 3
74431 4
74548 2
74665 1
74665 3
74782 4
74899 1
74899 2
75017 4
75134 2
75134 3
75251 1
75251 4
75485 2
75485 3
75720 1
75720 4
75954 2
76071 3
76071 4
76189 2
76306 1
76306 4
76423 3
76540 1
76540 2
76657 4
76774 1
76774 3
76892 1
77009 2
77009 4
77126 4
77243 1
77243 2
77360 3
77360 4
77478 1
77478 2
77595 3
77595 4
77829 2
77829 3
78181 2
78181 3
78415 4
78532 3
78649 1
78649 2
78767 4
79001 1
79118 3
79353 2
79470 4
79704 1
79821 3
80056 2
80290 4
80524 3
80642 1
80876 4
80993 2
81228 3
81345 1
81579 4
81696 2
81931 3
82165 1
82399 2
82517 4
82751 1
82868 3
83103 2
83220 4
83454 1
83571 3
83806 2
84040 4
84274 3
84392 1
84626 4
84743 2
84978 3
85095 1
85329 4
85446 2
85681 3
85798 4
85915 1
86032 3
86149 1
86149 2
86267 3
86267 4
86501 2
86501 3
86618 1
86618 4
86853 2
86853 4
86970 1
86970 3
87204 1
87204 4
87321 2
87321 3
87556 1
87556 2
87790 1
87790 3
88024 2
88024 3
88142 1
88142 4
88376 3
88376 4
88493 1
88493 2
88728 2
88728 4
88845 1
88845 3
89079 2
89079 3
89196 1
89196 4
89431 1
89431 2
89724 2
89724 3
89899 1
89899 4
90368 2
90603 3
90954 4
91306 3
91540 4
91774 1
91774 3
91892 3
91892 4
92126 2
92126 4
92243 1
92243 2
92478 1
92478 3
92595 2
92595 3
92829 2
92829 4
92946 1
92946 2
93064 3
93122 2
93181 1
93181 4
93239 3
93298 2
93356 4
93415 1
93415 3
93474 2
93532 4
93591 3
93649 1
93649 2
93767 3
93767 4
93884 2
94001 1
94001 3
94118 2
94118 4
94235 3
94353 1
94353 2
94470 3
94470 4
94587 2
94704 1
94704 3
94821 2
94821 4
94939 3
95056 1
95114 2
95173 3
95231 4
95290 1
95349 2
95407 3
95466 4
95524 1
95524 2
95759 3
95759 4
95876 2
95935 3
95993 1
95993 4
96110 2
96110 3
96228 1
96228 4
96345 3
96462 1
96462 2
96521 4
96579 3
96638 2
96696 1
96696 4
96814 2
96872 3
96931 1
96931 4
97048 2
97048 3
97165 1
97165 4
97224 2
97282 3
97341 4
97399 1
97399 2
97517 3
97517 4
97634 1
97634 2
97751 3
97751 4
97868 1
97868 2
97927 3
97985 4
98103 1
98103 2
98161 3
98220 4
98337 1
98337 2
98454 4
98513 3
98571 1
98571 2
98630 4
98689 3
98747 2
98806 1
98806 4
98864 3
98923 2
98981 1
99040 3
99040 4
99099 2
99157 1
99216 3
99274 2
99274 4
99392 1
99450 2
99509 3
99509 4
99626 1
99626 2
99743 3
99802 2
99860 1
99860 4
99919 2
99978 3
100095 1
100153 2
100212 3
100212 4
100329 1
100388 2
100446 3
100446 4
100564 2
100622 3
100681 1
100681 4
100739 3
100798 2
100856 4
100915 1
100915 3
100974 2
101032 4
101091 3
101149 1
101149 2
101267 3
101267 4
101384 1
101384 2
101501 3
101501 4
101618 1
101618 2
101677 4
101735 3
101794 2
101853 1
101853 4
101911 3
101970 2
102028 1
102087 3
102087 4
102204 2
102321 1
102321 4
102439 3
102556 1
102556 2
102673 3
102790 1
102790 4
102907 2
103024 3
103024 4
103142 2
103200 3
103259 1
103259 4
103376 2
103376 3
103493 1
103493 4
103610 3
103728 1
103728 2
103845 3
103845 4
103962 1
103962 2
104079 4
104138 3
104196 1
104196 2
104314 3
104314 4
104431 1
104431 2
104548 3
104665 1
104665 4
104724 2
104782 3
104841 4
104899 1
104899 2
105017 3
105017 4
105134 1
105134 2
105251 4
105368 2
105368 3
105485 1
105485 4
105603 2
105603 3
105720 1
105837 3
105837 4
105954 2
106071 1
106071 4
106189 3
106306 1
106306 2
106423 3
106540 2
106657 4
106774 1
106774 2
106892 3
106950 2
107009 1
107009 4
107126 2
107185 3
107243 1
107243 4
107302 2
107360 3
107419 1
107478 2
107478 4
107536 3
107595 1
107653 2
107712 3
107712 4
107771 2
107829 1
107888 3
107946 2
107946 4
108005 1
108064 3
108122 2
108181 1
108181 4
108298 2
108356 3
108415 1
108415 4
108532 3
108591 2
108649 1
108649 4
108767 2
108767 3
108884 1
108884 4
109001 2
109001 3
109118 1
109235 2
109353 3
109470 4
109587 1
109587 2
109646 3
109704 4
109939 1
109939 2
110056 4
110173 3
110290 2
110407 1
110524 3
110524 4
110642 1
110642 2
110700 4
110759 3
110817 2
110876 1
110876 4
110993 2
110993 3
111110 1
111228 3
111228 4
111345 1
111345 2
111579 1
111579 2
111696 3
111696 4
111931 1
112048 2
112282 3
112282 4
114274 1
114392 2
114509 3
114626 1
114743 2
114860 3
114978 1
115095 2
115212 3
115329 1
115446 2
115564 3
115681 4
115798 3
115915 2
116032 1
116149 4
116208 2
116267 4
116325 1
116384 3
116442 1
116501 4
116560 2
116618 4
116677 1
116735 3
116794 1
116853 4
116911 2
116970 4
117028 1
117087 3
117146 1
117204 4
117263 2
117321 4
117380 1
117439 3
117497 1
117556 4
117614 2
117673 4
117731 1
117790 3
118024 4
118083 1
118142 4
118200 1
118259 4
118317 1
118376 4
118435 1
118493 4
118552 1
118610 4
118669 1
118728 4
118786 1
118845 4
118903 1
118962 4
119021 1
119079 4
119138 1
119196 4
119255 1
119314 4
119372 1
119431 4
119489 1
119548 4
119606 1
119665 4
119724 1
119782 4
119841 1
