1046
716 1
716 2
1098 3
1098 4
1352 2
1352 3
1479 3
1479 4
1733 1
1733 2
1987 2
1987 3
2242 3
2242 4
2623 1
2623 2
2877 1
2877 4
3004 2
3004 3
3259 1
3259 2
3513 3
3513 4
3767 1
3767 2
4148 3
4148 4
4403 2
4403 4
4530 1
4530 2
4784 2
4784 3
5038 3
5038 4
5292 4
5801 3
5928 2
6055 1
6818 1
6818 2
7136 3
7453 4
7581 3
7835 1
8089 2
8343 4
8852 3
8979 1
9106 3
9614 1
9742 2
9869 3
9869 4
10123 1
10123 2
10377 3
10631 4
10886 2
11140 1
11394 4
11458 3
11521 2
11585 1
11648 4
11712 3
11775 2
11839 1
11903 4
12157 1
12220 2
12284 3
12348 4
12411 1
12475 2
12538 3
12602 4
12665 1
12792 4
12920 2
12920 3
13174 4
13428 1
13682 2
13937 3
14191 1
14445 3
14445 4
14572 3
14572 4
14826 1
14826 2
14953 1
14953 2
15208 3
15208 4
15462 1
15462 2
15716 4
15970 1
15970 2
16098 1
16098 2
16352 3
16352 4
16479 3
16479 4
16733 1
16733 2
16987 3
16987 4
17242 2
17496 1
17496 4
17623 1
17623 4
17877 2
17877 3
18004 2
18004 3
18259 1
18259 4
18513 2
18513 3
18767 1
18852 2
18937 3
19021 4
19106 3
19191 2
19275 3
19360 2
19445 1
19530 3
19784 3
19784 4
20038 1
20038 2
20292 1
20356 2
20420 3
20483 4
20547 1
20547 2
20801 4
20928 1
20928 2
21309 4
21373 3
21436 2
21500 1
21564 3
21564 4
21818 1
21945 3
21945 4
22326 1
22390 2
22453 3
22517 4
22581 1
22581 2
22708 4
22835 2
22835 3
22962 1
23089 3
23089 4
23216 1
23216 2
23343 2
23343 3
23470 3
23470 4
23534 1
23534 2
24487 4
24551 3
24614 1
24614 2
24805 2
24805 3
24996 3
24996 4
25250 3
25377 2
25504 3
25631 1
25631 2
25759 3
25759 4
25886 2
25886 3
26013 1
26013 2
26521 1
26585 2
26648 3
26648 4
26903 2
26903 3
27157 1
27348 2
27538 4
27665 3
27920 2
27920 3
27951 1
27951 4
28428 1
28492 2
28555 4
28619 3
28682 1
28682 2
28937 3
28937 4
29064 1
29064 2
29445 4
29509 3
29572 1
29636 2
29699 3
29699 4
29953 1
29953 2
30081 3
30081 4
30462 1
30525 2
30589 3
30653 4
30716 1
30907 2
31098 3
31225 4
31415 3
31606 2
31733 1
31797 2
31860 3
31924 4
31987 1
32051 2
32114 3
32178 4
32242 1
32305 2
32369 3
32432 4
32496 1
32528 2
32559 3
32591 4
32623 1
32687 2
32750 3
32750 4
32941 1
32941 2
33131 2
33131 3
33386 1
33513 2
33640 3
33767 4
33894 3
34021 2
34148 1
34403 3
34530 2
34657 1
34784 3
34784 4
35038 2
35165 1
35292 2
35547 1
35674 4
35801 1
36055 4
36182 3
36309 4
36437 1
36564 2
36691 4
36818 3
36945 1
37072 2
37199 4
37326 1
37453 2
37581 4
37708 2
37835 1
37962 4
38089 2
38216 1
38343 2
38470 4
38598 1
38725 4
38852 1
38852 2
38979 3
38979 4
39106 1
39106 2
39233 3
39233 4
39360 1
39360 2
39487 3
39487 4
39614 1
39614 2
39742 2
39742 3
39869 3
39869 4
39996 1
39996 2
40123 2
40123 3
40250 3
40250 4
40377 2
40377 3
40504 1
40504 2
40631 3
40631 4
40759 1
40759 2
40886 4
41140 3
41394 2
41648 1
41903 3
42157 4
42411 2
42665 1
42920 3
42920 4
43047 3
43047 4
43301 1
43301 2
43428 1
43428 2
43682 2
43682 3
43809 2
43809 3
44064 1
44064 4
44191 1
44191 4
44445 3
44445 4
44699 1
44699 2
44953 4
45017 3
45081 2
45144 1
45208 4
45271 3
45335 2
45398 1
45462 4
45525 3
45589 2
45653 1
45716 4
45780 3
45843 2
45907 4
45970 1
46034 2
46098 3
46161 4
46225 1
46288 2
46352 3
46415 4
46479 1
46542 2
46606 3
46670 4
46733 1
46797 2
46860 3
46924 1
46987 4
47051 3
47114 1
47178 2
47242 4
47305 3
47369 1
47432 2
47496 4
47559 3
47623 1
47687 2
47750 4
47814 3
47877 1
47941 2
48004 3
48068 4
48131 2
48195 1
48259 3
48322 4
48386 2
48449 1
48513 3
48576 4
48640 2
48703 1
48767 3
48831 4
48894 2
48958 1
49021 4
49085 3
49148 2
49212 3
49275 2
49339 1
49403 4
49466 3
49530 2
49593 1
49657 3
49720 2
49784 1
49848 4
49911 3
49975 2
50038 1
50102 2
50165 3
50229 2
50292 3
50356 4
50420 1
50483 2
50547 3
50610 4
50674 2
50737 3
50801 4
50864 1
50928 2
50992 3
51055 4
51119 3
51182 2
51246 1
51309 4
51373 3
51437 2
51500 1
51564 4
51627 3
51691 2
51754 1
51818 2
51881 3
51945 4
52009 3
52072 1
52136 2
52199 3
52263 4
52326 1
52390 2
52453 3
52517 4
52581 1
52644 2
52708 3
52771 4
52835 3
52898 2
52962 1
53025 2
53089 3
53089 4
53343 3
53598 2
53725 1
53979 2
54233 3
54360 1
54487 2
54742 3
54869 2
54996 1
55123 2
55377 4
55631 3
55759 2
56013 4
56267 3
56394 4
56521 2
56775 4
56903 3
57030 2
57157 4
57411 1
57411 4
57665 2
57665 3
57792 1
57792 4
58047 1
58047 2
58301 3
58301 4
58428 1
58428 2
58555 3
58555 4
58809 1
58809 2
58937 3
58937 4
59064 1
59064 2
59191 3
59191 4
59445 2
59699 1
59953 2
59953 3
60208 1
60462 4
60716 1
60716 2
60970 4
61225 3
61479 1
61479 4
61733 3
61987 2
62242 3
63259 1
63767 2
64275 4
66309 3
66691 2
66945 2
67072 1
67326 2
67581 3
67835 4
68089 1
68343 3
68470 2
68598 3
68852 1
69106 1
69233 2
69360 4
69614 3
69869 2
70123 3
70377 2
70631 1
70759 2
70886 3
70886 4
71140 1
71140 2
71394 3
71394 4
71648 2
71712 3
71775 2
71903 1
72157 1
72157 4
72284 2
72284 3
72411 1
72411 4
72665 1
72665 2
72920 3
72920 4
73174 1
73174 2
73428 2
73428 3
73682 3
73682 4
73937 1
73937 2
74064 1
74064 2
74191 4
74318 1
74318 2
74445 1
74445 2
74572 4
74699 1
74699 2
74826 4
74953 1
74953 2
75081 4
75208 1
75208 2
75335 2
75462 3
75462 4
75589 3
75589 4
75716 1
75843 3
75843 4
75970 3
75970 4
76098 1
76225 3
76225 4
76352 1
76479 3
76479 4
76606 1
76733 3
76733 4
76860 4
76987 2
76987 3
77114 2
77114 3
77242 1
77369 2
77369 3
77496 2
77496 3
77623 4
77750 2
77750 3
77877 1
78004 2
78004 3
78131 4
78259 1
78343 2
78428 3
78513 4
78598 3
78682 2
78767 4
78852 3
78936 2
79021 1
79275 3
79275 4
79530 1
79530 2
79784 1
79848 2
79911 3
79975 4
80038 1
80038 2
80292 3
80292 4
80420 2
80420 3
80801 4
80864 3
80928 2
80992 1
81055 3
81055 4
81309 1
81309 2
81436 2
81436 3
81818 4
81881 3
81945 1
82009 2
82072 3
82072 4
82199 1
82326 2
82326 3
82453 1
82581 3
82581 4
82708 2
82708 3
82835 1
82835 2
82962 3
82962 4
83025 1
83025 2
83979 4
84042 3
84106 1
84106 2
84297 2
84297 3
84487 3
84487 4
84742 1
84869 2
84996 1
85123 2
85123 3
85250 3
85250 4
85377 2
85377 3
85504 1
85504 2
86013 2
86076 3
86140 4
86394 3
86648 1
86648 2
86839 2
86839 3
87030 3
87030 4
87157 1
87242 3
87326 1
87411 4
87496 2
87581 4
87665 1
87750 4
87835 1
87920 3
88004 2
88089 3
88174 1
88174 2
88428 3
88428 4
88682 1
88682 2
88937 3
88937 4
89191 2
89191 3
89445 3
89445 4
89699 1
89699 2
89953 2
89953 3
90208 1
90208 2
90398 2
90398 3
90589 3
90589 4
90716 3
90716 4
90907 2
90907 3
91098 1
91098 2
91225 4
91288 3
91352 2
91415 1
91479 4
91542 3
91606 2
91670 1
91733 4
91797 3
91860 2
91924 1
91987 4
92019 3
92051 2
92083 1
92114 4
92178 3
92242 1
92242 2
92432 3
92432 4
92623 1
92623 2
92877 3
93004 4
93131 1
93259 3
93259 4
93386 2
93386 3
93513 1
93513 2
93640 3
93640 4
93894 1
94021 2
94148 1
94275 2
94275 3
94530 4
94614 3
94699 2
94784 3
94869 2
94953 1
95038 4
95123 3
95208 2
95292 1
95377 3
95462 1
95547 4
95631 2
95716 4
95801 2
95886 3
95970 2
96055 4
96140 1
96225 4
96309 1
96309 2
97326 4
97517 3
97708 2
97898 1
98089 3
98089 4
98216 1
98216 2
98343 3
98343 4
98598 1
98598 2
98852 3
98852 4
99106 1
99106 2
99360 3
99360 4
99614 1
99614 2
99869 3
99869 4
100123 2
100123 3
100377 1
100377 2
100631 1
100631 3
100886 2
100886 3
101140 3
101140 4
101394 2
101394 4
101648 2
101648 3
101903 3
101903 4
102157 1
102157 2
102411 2
102411 3
102665 2
102665 4
102920 1
102920 2
103174 2
103174 3
103428 3
103428 4
103682 1
103682 2
103937 2
103937 3
104191 1
104191 4
104445 4
104530 3
104614 2
104699 4
104784 3
104869 2
104953 4
105038 3
105123 2
105208 1
105292 2
105377 3
105462 1
105547 2
105631 3
105716 1
105801 2
105886 3
105970 4
106055 3
106140 2
106225 3
106309 2
106394 1
106479 4
106564 3
106648 2
106733 1
106818 2
106903 3
106987 2
107072 3
107157 4
107242 1
107326 2
107411 3
107496 4
107581 3
107665 2
107750 1
107835 2
107920 3
108004 4
108089 3
108174 2
108259 4
108343 3
108428 2
108513 1
108598 2
108682 3
108767 4
108852 3
108936 2
109021 1
109275 2
109530 3
109784 1
109784 2
110038 2
110038 3
110292 3
110292 4
110547 1
110547 4
112581 1
112581 2
112708 3
112708 4
112835 1
112835 2
112962 3
112962 4
113089 2
113089 3
113216 3
113216 4
113343 1
113343 2
113470 2
113470 3
113598 3
113598 4
113725 1
113725 2
113852 2
113852 3
113979 1
113979 2
114106 3
114106 4
114233 2
114233 3
114360 1
114360 2
114487 3
114487 4
115123 4
115186 3
115250 1
115314 2
115377 4
115441 3
115504 1
115568 2
115631 4
115695 3
115759 1
115822 2
115886 4
115949 3
116013 1
116076 2
116140 4
116203 3
116267 1
116331 2
116394 4
116458 3
116521 1
116585 2
116648 4
116712 3
116775 1
116839 2
116903 4
116966 3
117030 1
117093 2
117157 4
117220 3
117284 1
117348 2
117411 4
117475 3
117538 1
117602 2
117665 4
117729 3
117792 1
117856 2
117920 4
117983 3
118047 1
118110 2
118174 3
118174 4
