1169
102 2
102 1
102 3
829 4
1193 3
1557 2
1920 1
2284 4
2647 3
3011 1
3011 2
3011 4
3375 1
3375 4
3556 2
3647 3
3920 1
4102 4
4466 3
4647 3
4738 2
4920 3
5011 2
5193 2
5375 3
5556 1
5556 4
5738 2
5738 3
5920 1
5920 2
5920 4
6284 1
6284 4
6466 3
6556 2
6829 3
7011 1
7193 3
7375 4
7375 1
7466 2
7647 1
7647 4
7738 3
7920 1
7920 4
8011 2
8193 1
8193 4
8284 3
8465 1
8465 4
8556 2
8647 3
8738 2
8829 4
8829 1
8829 3
9193 1
9193 4
9375 2
9465 3
9738 2
9920 3
10102 3
10284 3
10465 3
10556 2
10738 3
10829 2
11011 2
11193 4
11375 1
11375 3
11556 2
11556 4
11738 1
11738 4
11738 3
12102 1
12102 4
12284 2
12374 3
12647 4
12829 1
13011 2
13193 3
13193 4
13284 2
13374 1
13465 4
13556 1
13556 3
13647 2
13738 3
13829 4
13920 1
13920 2
14011 3
14102 4
14193 1
14284 2
14284 4
14374 3
14465 2
14556 1
14647 2
14647 3
14647 4
15011 4
15011 1
15011 2
15284 4
15284 3
15556 3
15556 4
15738 1
15738 2
15738 4
15920 3
16011 2
16102 1
16102 3
16102 4
16284 2
16465 1
16465 3
16465 4
16738 2
16738 1
17011 1
17011 2
17193 1
17193 3
17193 4
17556 1
17556 2
17556 4
17738 3
17920 1
17920 2
17920 4
18193 3
18193 4
18465 3
18465 4
18647 2
18647 4
18647 1
18829 3
18920 2
19011 1
19011 4
19011 3
19193 3
19283 1
19283 2
19374 1
19374 3
19374 4
19647 1
19647 2
19920 1
19920 2
20102 1
20102 3
20102 4
20465 3
20465 4
20647 4
20647 3
20829 3
20829 4
21011 3
21011 4
21193 2
21193 3
21374 3
21374 2
21556 2
21556 3
21738 2
21738 3
21920 1
21920 2
22011 3
22102 1
22102 2
22192 4
22283 1
22283 2
22374 3
22465 1
22465 2
22556 4
22647 1
22692 2
22738 3
22783 4
22829 1
22874 2
22920 3
22965 4
23011 1
23056 2
23102 3
23147 4
23192 1
23238 2
23283 3
23329 4
23374 1
23374 2
24829 1
24829 4
25102 2
25102 3
25374 3
25374 4
25556 1
25556 2
25920 4
26283 4
26283 2
26647 3
26647 1
26647 4
26829 2
27011 1
27011 4
27192 3
27374 1
27374 2
27556 1
27738 2
27738 3
27920 4
28101 1
28101 2
28283 4
28465 2
28465 1
28647 4
28829 3
28920 1
28920 2
29011 3
29011 4
29101 1
29192 2
29192 3
29556 1
29556 2
29556 4
29920 1
29920 4
30101 4
30283 4
30283 2
30344 3
30404 2
30465 4
30647 1
30647 2
30829 1
30829 2
31010 1
31010 2
31192 3
31283 2
31283 4
31465 3
31556 1
31556 2
31738 4
31829 1
31920 2
31920 3
32101 2
32101 3
32465 1
32465 4
32647 2
32829 1
32829 3
33010 4
33192 1
33192 2
33192 3
33374 4
33556 1
33556 3
33920 1
33920 4
33920 2
34192 1
34192 3
34465 1
34465 4
34465 2
34647 3
34738 2
34829 4
34919 1
35010 3
35010 4
35192 3
35192 4
35374 1
35374 2
35556 1
35556 2
35738 1
35738 2
35829 3
35829 4
35919 1
35919 2
36010 3
36010 4
36101 1
36101 2
36283 3
36465 1
36465 4
36919 3
37101 3
37192 1
37374 4
37556 3
37647 2
37738 3
37829 2
37919 4
37919 3
37919 1
38283 1
38283 4
38465 2
38556 3
38556 4
38647 1
38707 2
38768 4
38829 3
38889 1
38950 2
39010 3
39101 1
39101 4
39192 2
39192 3
39374 1
39374 4
39374 2
39738 1
39738 4
39919 3
40010 1
40010 2
40101 3
40162 4
40222 2
40283 1
40344 3
40404 4
40465 1
40465 2
40556 3
40647 4
40647 2
40738 3
40828 1
40828 4
40828 2
41192 1
41192 4
41374 2
41465 1
41465 3
41556 4
41616 3
41677 1
41738 2
41738 4
41798 3
41859 2
41919 1
42010 4
42101 3
42283 1
42283 2
42465 2
42465 3
42647 1
42647 4
42828 2
42919 3
42919 4
43010 2
43071 1
43131 4
43192 3
43253 2
43313 1
43374 3
43465 1
43465 4
43465 2
43556 3
43738 1
43738 2
44010 2
44010 3
44010 4
44283 1
44283 2
44828 3
44828 4
45101 1
45101 2
45101 3
45374 3
45374 4
45919 1
45919 2
46101 1
46101 2
46283 1
46283 2
46647 3
46647 4
46647 1
46737 2
46828 3
46919 4
47010 3
47101 2
47192 1
47283 2
47374 3
47465 4
47556 3
47647 2
47737 1
47828 2
47919 3
48010 4
48101 1
48101 2
48465 1
48465 2
49192 3
49192 4
49556 1
49556 2
49556 4
49646 3
49737 2
49828 1
50283 1
50374 2
50465 3
50556 4
51010 1
51010 2
51283 3
51283 4
51556 2
51556 3
52101 1
52101 3
52101 4
52465 1
52465 2
52465 4
52556 3
52646 2
52737 3
53192 1
53283 2
53374 3
53465 2
53919 1
53919 4
54192 2
54192 3
54374 4
54465 1
54465 2
54646 4
54737 3
54828 4
54919 3
55010 4
55101 3
55192 2
55283 1
55374 2
55374 3
55374 4
55465 1
55555 4
55646 3
56101 1
56192 4
56283 1
56374 2
56828 3
56828 4
57101 1
57101 2
57374 3
57374 4
57919 1
57919 4
57919 3
58283 1
58283 2
58283 4
58464 3
58646 4
58828 1
58828 2
58828 3
59192 2
59374 1
59374 3
59374 4
59555 4
59737 4
59737 1
59737 3
59919 2
60101 1
60283 2
60464 1
60555 2
60646 3
60737 1
60828 2
61192 1
61192 3
61283 2
61374 3
61374 4
61737 1
61737 3
61828 2
61919 4
61919 3
62283 1
62283 3
62373 2
62464 1
62464 4
62555 3
62828 3
62828 4
63192 1
63192 3
63283 2
63373 3
63373 4
63737 1
63737 3
63828 2
63919 4
63919 1
64283 1
64283 2
64555 1
64555 2
64828 1
64828 2
65101 1
65101 2
65373 1
65373 2
65555 3
65555 4
65828 3
65828 4
66101 3
66101 4
66373 3
66373 4
66646 3
66646 4
67010 1
67737 2
68464 3
69192 4
69919 1
69919 4
69919 3
70101 4
70146 3
70192 1
70237 2
70282 4
70328 3
70373 1
70419 2
70464 4
70510 3
70555 1
70601 2
70646 4
70692 3
70737 1
70782 2
70828 4
70873 3
70919 1
70964 2
71010 4
71055 3
71101 1
71146 2
71191 4
71237 3
71282 1
71328 2
71373 4
71419 3
71464 2
71510 1
71555 4
71601 3
71646 2
71691 1
71737 4
71782 3
71828 2
71873 1
71919 4
71964 3
72010 2
72055 1
72101 4
72146 3
72191 2
72237 1
72282 4
72328 3
72373 2
72419 1
72464 3
72464 4
72828 4
72828 3
72828 1
72919 2
73010 3
73101 2
73191 1
73191 4
73282 3
73373 2
73464 1
73555 4
73555 3
73646 2
73737 3
73828 1
73919 2
73919 4
74010 3
74101 4
74191 3
74282 1
74282 2
74373 4
74464 3
74646 1
74646 4
74737 3
74919 4
75010 3
75010 1
75101 2
75191 3
75282 4
75373 1
75373 2
75464 3
75646 4
75737 1
75737 2
76100 1
76100 2
76373 2
76464 3
76464 4
76646 2
76828 1
76828 4
77010 3
77191 1
77191 2
77373 3
77555 1
77555 4
77646 3
77919 2
77919 3
78191 3
78282 1
78282 2
78464 3
78464 4
78646 1
78646 2
78737 3
78828 4
78919 2
79010 1
79010 3
79100 4
79191 1
79282 2
79373 4
79373 3
79464 2
79555 1
79646 4
79737 2
79737 3
79828 1
79919 4
80009 3
80100 4
80100 1
80191 3
80282 2
80464 3
80464 1
80555 2
80737 3
80828 1
80828 2
80919 3
81009 4
81100 1
81191 2
81191 3
81282 4
81464 2
81555 1
81555 4
81737 4
81919 4
82009 2
82282 1
82282 3
82464 3
82646 2
82646 4
82828 1
82828 4
82919 2
82919 3
83009 1
83009 4
83100 3
83191 2
83282 4
83282 1
83282 3
83373 2
83464 3
83555 1
83555 4
83646 3
83737 2
83828 1
83828 4
83919 2
84009 3
84100 1
84100 2
84100 4
84464 1
84464 3
84464 4
84555 2
84646 3
84737 2
84828 1
84828 4
84918 3
85009 2
85100 1
85191 3
85191 4
85282 2
85373 1
85464 3
85555 1
85555 4
85646 2
85737 3
85828 4
85918 1
85918 2
86009 4
86100 3
86282 1
86282 4
86373 3
86555 4
86646 1
86646 3
86737 2
86828 3
86918 4
87009 1
87009 2
87191 3
87191 4
87282 2
87373 1
87373 3
87737 1
87737 3
88009 1
88100 3
88100 4
88282 1
88464 3
88464 4
88646 2
88828 1
88828 4
89009 3
89191 2
89191 4
89282 3
89555 1
89555 3
89737 2
89737 4
89827 3
89918 1
89918 2
90100 2
90100 3
90282 3
90282 4
90373 1
90373 2
90464 3
90464 4
90555 1
90555 2
90646 3
90646 4
90737 2
90737 1
90827 3
90827 4
90918 1
90918 2
91009 3
91009 4
91100 1
91100 2
91191 3
91191 4
91282 1
91282 2
91373 3
91373 4
91464 1
91464 2
91555 3
91555 4
91646 1
91646 2
91737 3
91737 4
91827 1
91827 2
91918 3
91918 4
92009 1
92009 2
92100 3
92100 4
92191 1
92191 2
92282 3
92282 4
92373 1
92373 2
92464 3
92464 4
92555 2
92646 1
92737 2
92827 3
92827 4
92918 2
93009 1
93100 2
93191 3
93191 4
93918 1
93918 2
94040 1
94040 3
94161 2
94161 3
94282 2
94282 4
94403 3
94403 4
94524 2
94524 3
94646 1
94646 4
95009 1
95009 4
95191 1
95191 4
95464 1
95464 4
95736 1
95736 4
96100 1
96100 3
96191 2
96282 3
96373 4
96464 3
96555 2
96646 3
96736 4
96827 3
96918 2
97009 1
97100 2
97191 3
97282 4
97373 3
97464 2
97555 1
97555 4
97646 2
97736 3
97827 4
97918 1
98009 2
98100 3
98191 4
98282 1
98373 2
98464 3
98555 4
98645 1
98645 2
99009 1
99009 3
99009 4
99373 1
99373 4
99464 3
99555 2
99736 1
99736 4
99827 2
100009 3
100100 1
100100 4
100282 2
100373 3
100464 1
100464 4
100555 2
100645 4
100691 3
100736 2
100782 1
100827 3
100827 4
100918 2
101009 4
101100 1
101191 2
101191 3
101282 4
101373 1
101464 2
101555 1
101555 3
101600 4
101645 2
101691 1
101736 3
101736 4
101827 1
101918 2
101918 4
102282 4
102282 1
102373 3
102464 1
102554 2
102645 3
102645 4
102736 2
102827 1
102918 4
103009 2
103009 3
103191 1
103191 4
103373 1
103373 4
103554 2
103554 3
103736 3
103736 4
104009 1
104009 4
104282 1
104282 2
104373 3
104464 2
104464 4
104554 1
104645 3
104645 4
104736 2
104827 1
104918 4
105009 3
105100 1
105191 2
105191 4
105282 1
105282 3
105373 4
105373 2
105464 3
105554 1
105554 2
105645 3
105645 4
105736 1
105736 2
105827 3
105918 1
105918 4
106009 2
106009 3
106100 1
106100 4
106191 2
106282 1
106282 3
106373 2
106373 4
106464 1
106464 3
106554 4
106645 1
106645 2
106736 3
106736 4
106827 1
106827 2
106918 4
107009 2
107009 3
107100 1
107100 4
107191 2
107191 3
107282 1
107373 3
107373 4
107463 1
107463 2
107554 3
107554 4
107645 1
107645 2
107736 4
107782 3
107827 1
107873 2
107918 4
107963 3
108009 1
108054 2
108100 4
108145 3
108191 1
108236 2
108282 4
108327 3
108373 1
108418 2
108463 4
108509 3
108554 1
108600 2
108645 4
108691 3
108736 2
108782 1
108827 4
108873 3
108918 2
108963 1
109009 4
109054 3
109100 2
109145 1
109191 3
109191 4
109282 1
109463 2
109463 3
109554 4
109736 1
109736 2
109827 4
110009 3
110009 4
110100 1
110282 3
110282 2
110645 1
110645 4
111191 3
111282 2
111373 3
112100 2
113009 4
113100 3
113191 1
113282 2
113282 4
113372 3
113463 4
113554 1
113554 2
115009 4
115100 3
115191 2
115282 1
115372 4
115463 3
115554 2
115645 1
115736 3
115918 3
116100 3
116281 3
116645 2
116645 4
119009 2
119009 4
119191 1
119191 3
