1290
168 1
168 4
918 2
918 3
1132 3
1132 4
1346 1
1346 2
1561 1
1668 2
1775 3
1882 4
1989 3
2096 2
2204 3
2204 4
2311 1
2418 2
2525 3
2632 4
2846 3
2846 4
2954 1
2954 2
3061 3
3061 4
3275 4
3382 3
3489 1
3489 2
3704 2
3704 3
3704 4
3918 1
3918 2
4132 1
4132 3
4347 1
4347 3
4347 4
4561 2
4561 3
4775 4
4882 3
4989 2
5097 1
5204 4
5311 3
5418 2
5525 1
5632 3
5739 2
5847 3
5954 4
6061 1
6168 2
6275 3
6382 4
6489 1
6489 2
6489 3
6704 3
6704 4
6918 1
6918 2
7132 3
7132 4
7347 1
7347 2
7347 3
7347 4
7561 1
7561 2
7668 3
7668 4
7775 1
7775 2
7882 3
7882 4
7990 1
7990 2
8097 3
8097 4
8204 1
8204 2
8418 3
8525 4
8632 3
8847 3
8954 4
9061 3
9275 3
9275 4
9490 2
9490 3
9704 1
9811 2
9918 3
9918 4
10025 2
10132 1
10240 2
10347 1
10561 1
10561 2
10775 2
10775 3
10990 3
10990 4
11097 2
11204 1
11311 2
11418 1
11525 2
11633 3
11633 4
11740 1
11847 3
11847 4
12061 2
12061 3
12275 3
12275 4
12490 1
12490 2
12704 2
12704 3
12918 1
12918 2
13025 4
13133 3
13240 2
13347 1
13347 4
13454 3
13561 2
13668 3
13775 4
13883 3
13990 2
14097 3
14204 2
14204 4
14311 3
14418 2
14525 1
14633 2
14740 3
14847 4
14954 3
15061 1
15061 2
15061 4
15276 3
15276 4
15383 1
15383 2
15490 3
15490 4
15597 1
15597 2
15704 3
15704 4
15918 1
15918 2
15918 3
16347 4
16454 3
16561 2
16668 1
16776 2
16883 3
16990 1
17097 4
17204 3
17311 2
17418 1
17526 2
17633 1
17633 3
17633 4
17740 2
17847 3
17954 2
18061 3
18168 4
18276 1
18276 3
18383 2
18490 1
18490 3
18704 3
18704 4
18918 1
18918 2
19026 3
19133 4
19240 3
19347 2
19454 1
19561 2
19669 3
19776 4
19883 3
19990 2
20097 1
20204 2
20311 1
20419 2
20526 3
20633 4
20740 3
20847 2
20954 3
21061 2
21169 1
21276 3
21383 2
21490 1
21490 4
21597 3
21704 2
21811 1
21919 4
22026 4
22133 2
22240 2
22347 3
22454 3
22561 1
22669 1
22776 2
22883 2
22990 4
23097 4
23204 1
23312 1
23419 3
23526 3
23633 4
23740 3
23847 2
23954 1
24062 3
24169 3
24276 2
24383 2
24490 1
24597 2
24704 3
24812 4
24919 2
25026 2
25133 3
25240 3
25347 4
25454 3
25562 2
25669 1
25776 3
25883 3
25990 2
26097 2
26204 1
26312 2
26419 3
26526 4
26633 2
26740 3
26847 2
26954 3
27062 1
27062 4
27169 2
27169 3
27276 1
27276 4
27383 2
27383 3
27490 1
27490 4
27597 3
27705 2
27919 1
27919 2
27919 3
27919 4
28133 2
28133 3
28347 2
28347 3
28562 1
28669 2
28776 3
28883 1
28990 4
29097 3
29205 2
29312 4
29419 1
29526 2
29633 3
29740 1
29847 4
29955 3
30062 2
30169 4
30276 1
30383 2
30490 3
30597 1
30705 4
30812 3
30919 2
31026 4
31133 1
31240 2
31348 3
31455 1
31562 4
31669 3
31776 2
31883 4
31990 1
32098 2
32205 3
32312 1
32419 4
32526 3
32633 1
32633 2
32848 3
32848 4
33062 1
33062 2
33169 3
33276 4
33383 3
33490 1
33490 2
33705 3
33705 4
33812 1
33919 2
34026 1
34133 2
34240 1
34348 2
34455 3
34562 4
34669 3
34776 4
34883 3
34990 4
35098 3
35205 1
35205 4
35312 2
35419 3
35526 4
35633 1
35633 2
35848 4
36062 3
36276 1
36276 4
36491 3
36705 2
36705 4
36919 1
36919 3
37133 2
37348 1
37348 3
37562 4
37669 3
37776 2
37883 1
37991 2
38205 3
38419 4
38526 3
38633 2
38741 1
38848 2
39062 3
39276 4
39384 3
39491 2
39598 1
39598 4
39705 2
39919 3
40134 4
40241 3
40348 2
40455 1
40562 3
40562 4
40776 1
40776 2
40884 3
40884 4
40991 1
40991 2
41098 3
41098 4
41205 1
41205 2
41419 3
41419 4
41526 1
41526 2
41634 3
41634 4
41848 1
41848 2
41955 3
41955 4
42062 1
42062 2
42276 1
42276 3
42276 4
42384 2
42491 3
42491 4
42705 3
42705 4
42812 2
42919 2
42919 3
42919 4
43134 1
43241 3
43241 4
43348 1
43348 3
43562 1
43562 2
43669 4
43777 1
43777 2
43777 4
43991 3
44098 1
44098 2
44205 3
44312 2
44419 1
44634 3
44634 4
44848 1
44848 2
45062 3
45062 4
45277 1
45277 2
45491 3
45491 4
45705 1
45705 2
45919 1
46027 2
46134 3
46241 4
46348 3
46455 2
46562 1
46777 4
46884 3
46991 2
47098 1
47205 2
47312 3
47420 4
47634 1
47634 2
47634 3
47848 3
47848 4
48062 1
48062 2
48277 2
48277 3
48277 4
48491 1
48491 2
48705 2
48812 3
48920 4
49027 3
49134 2
49241 1
49348 2
49455 3
49562 2
49670 1
49777 2
49777 3
49884 4
49991 2
50098 1
50205 2
50312 4
50420 2
50527 1
50634 2
50741 3
50848 4
50955 3
51062 1
51170 3
51277 4
51384 3
51491 1
51598 2
51705 3
51813 4
51920 3
52027 4
52134 3
52241 2
52348 3
52348 4
52563 1
52563 2
52670 1
52670 2
52777 1
52777 2
53205 3
53205 4
53420 1
53420 2
53634 3
53634 4
54063 1
54063 2
54277 3
54277 4
54491 1
54491 2
54598 3
54705 4
54813 3
54920 2
55027 1
55134 2
55241 3
55348 4
55456 3
55563 2
55670 1
55777 3
55777 4
55991 1
55991 2
56206 4
56313 3
56420 2
56527 1
56634 3
56741 2
56848 1
57063 1
57063 2
57063 3
57277 3
57277 4
57491 2
57491 3
57706 1
57706 2
57813 3
57813 4
57920 1
57920 2
58348 2
58348 4
58563 1
58563 3
58777 2
58777 4
58884 1
58991 2
59098 3
59206 1
59206 4
59313 2
59420 3
59527 4
59634 1
59634 2
59634 3
59849 1
59849 2
59849 3
60063 1
60063 2
60063 3
60491 2
60491 3
60491 4
60706 2
60706 3
60706 4
60920 2
60920 3
60920 4
61349 3
61349 4
61456 1
61456 2
61563 3
61563 4
61670 1
61670 2
61777 3
61777 4
61884 1
61884 2
61991 3
61991 4
62099 1
62099 2
62206 3
62206 4
62313 1
62420 2
62527 3
62634 1
62634 2
62634 4
62849 2
62849 3
63063 1
63063 2
63170 3
63277 4
63384 3
63492 1
63492 2
63599 3
63706 4
63813 3
63920 2
64027 1
64134 2
64242 3
64349 4
64563 1
64563 2
64670 3
64670 4
64777 1
64777 2
64884 4
64992 3
65099 2
65206 1
65206 4
65313 2
65420 3
65527 4
65634 1
65742 2
65849 3
65956 4
66063 3
66170 2
66277 1
66492 1
66492 2
66492 3
66492 4
66920 3
66920 4
66992 1
66992 2
67063 3
67063 4
67134 1
67134 2
67206 3
67206 4
67277 1
67277 2
67349 3
67349 4
67777 1
67777 2
67849 3
67849 4
67920 1
67920 2
67992 3
67992 4
68063 1
68063 2
68135 3
68135 4
68206 1
68206 2
68420 3
68635 4
68849 3
69063 4
69277 3
69492 4
69706 1
69706 2
69920 4
69992 3
70063 2
70135 1
70206 4
70277 3
70349 2
70420 1
70420 3
70420 4
70885 1
70992 2
71099 3
71206 4
71313 3
71420 2
71528 1
71635 3
71635 4
71849 1
71849 2
71920 3
71920 4
71992 1
71992 2
72063 3
72063 4
72135 1
72135 2
72278 1
72278 2
72278 3
72278 4
72492 3
72599 4
72706 3
72813 4
72920 3
73028 2
73135 1
73242 2
73349 1
73456 2
73563 3
73670 4
73778 3
73885 2
73992 1
74099 2
74099 3
74206 4
74313 2
74313 3
74420 1
74528 2
74635 3
74742 4
74849 3
74956 2
75063 1
75170 4
75206 3
75278 2
75349 1
75421 4
75492 3
75563 2
75635 1
75706 4
75778 3
75849 2
75921 1
75921 3
75921 4
76349 1
76349 2
76563 2
76563 3
76778 3
76778 4
76885 1
76992 2
77099 3
77206 4
77313 3
77421 2
77528 1
77635 2
77742 3
77849 4
77956 3
78063 2
78171 1
78278 2
78385 3
78492 4
78599 3
78706 2
78813 1
78921 2
79028 3
79135 4
79242 3
79349 2
79456 1
79564 2
79671 3
79778 4
79885 3
79992 2
80099 1
80206 4
80278 3
80349 2
80421 1
80528 4
80635 3
80742 2
80849 1
80956 2
81064 1
81064 3
81171 2
81171 4
81278 1
81278 3
81385 2
81385 4
81492 1
81492 3
81599 2
81599 4
81706 3
81814 4
81921 3
82028 2
82028 4
82135 1
82135 3
82242 2
82242 4
82349 1
82349 3
82456 2
82456 4
82564 1
82564 3
82671 2
82778 1
82778 3
82778 4
82992 2
83207 1
83421 2
83635 1
83849 4
83957 3
84064 2
84278 4
84385 3
84492 2
84707 3
84707 4
84814 1
84814 2
84921 3
84921 4
85028 1
85028 2
85135 3
85135 4
85242 1
85242 2
85349 3
85349 4
85457 1
85564 2
85671 3
85778 4
85885 1
85992 4
86099 3
86207 2
86314 1
86421 4
86528 1
86635 2
86742 3
86849 4
87064 1
87064 2
87278 2
87278 3
87492 3
87492 4
87707 1
87707 2
87921 3
87921 4
88135 2
88135 3
88350 1
88350 2
88564 3
88564 4
88778 1
88850 2
88921 3
88992 4
89207 4
89278 3
89350 2
89421 1
89635 1
89635 2
89635 3
89635 4
89850 2
89850 3
90064 1
90064 2
90064 3
90064 4
90278 1
90278 4
90492 1
90492 4
90707 1
90707 4
90921 1
90921 4
91135 1
91135 4
91243 2
91243 3
91350 1
91350 4
91457 2
91564 3
91671 4
91778 1
91778 2
91993 3
91993 4
92100 3
92100 4
92207 3
92207 4
92421 1
92421 2
92635 4
92850 3
93064 2
93278 1
93493 2
93707 3
93921 4
94350 3
94564 2
94778 1
95207 2
95421 3
95636 4
96064 2
96064 3
96493 4
96600 1
96707 4
96814 1
96921 4
97136 1
97243 2
97350 4
97457 2
97564 1
97778 1
97778 2
97778 3
97778 4
97939 2
97993 3
98046 2
98207 2
98207 3
98421 3
98421 4
98636 1
98636 2
98850 3
98850 4
98957 3
98957 4
99064 1
99064 2
99171 4
99225 3
99279 2
99332 1
99493 2
99493 3
99493 4
99707 3
99707 4
99921 1
99921 2
100136 1
100136 2
100136 3
100350 4
100457 3
100564 2
100671 1
100779 3
100779 4
100886 3
100886 4
100993 1
100993 2
101100 3
101100 4
101207 3
101207 4
101314 1
101314 2
101421 3
101421 4
101529 3
101529 4
101636 1
101636 2
101743 3
101743 4
101850 3
101850 4
101957 1
101957 2
102064 3
102064 4
102171 3
102171 4
102279 1
102279 2
102386 3
102386 4
102493 3
102493 4
102707 1
102743 2
102779 3
102814 4
102921 4
102957 3
102993 2
103029 1
103136 1
103171 2
103207 3
103243 4
103350 1
103350 2
103350 3
103350 4
103564 1
103672 2
103672 3
103779 4
103886 3
103993 2
104100 1
104207 3
104207 4
104422 1
104422 2
104529 3
104636 4
104850 2
104850 3
104850 4
105064 1
105064 2
105064 3
105279 2
105279 3
105279 4
105493 1
105493 2
105493 3
105707 1
105707 2
105814 1
105814 2
105922 3
105922 4
106136 1
106136 3
106243 1
106243 3
106350 2
106350 4
106564 1
106600 2
106636 3
106672 4
106779 4
106814 3
106850 2
106886 1
106993 1
107029 2
107064 3
107100 4
107207 4
107315 3
107422 2
107529 1
107636 3
107636 4
107850 1
107850 2
107850 3
107850 4
108065 4
108136 3
108207 2
108279 1
108350 2
108422 3
108493 4
108707 1
108707 2
108707 3
108707 4
108922 1
108993 2
109065 3
109136 4
109207 3
109279 2
109350 1
109565 1
109672 2
109779 3
109886 4
109993 3
110047 2
110100 3
110154 2
110207 1
110315 2
110422 3
110529 4
110582 3
110636 1
110636 2
110743 4
110797 3
110850 2
110904 1
111065 1
111065 2
111172 1
111172 2
111279 3
111279 4
111386 1
111386 2
111493 1
111493 2
111600 3
111600 4
111708 1
111708 2
111815 1
111815 2
111922 3
111922 4
112136 1
112136 2
112350 1
112350 2
112565 1
112618 2
112672 3
112725 2
112779 1
112833 4
112886 3
112940 2
112993 1
113100 3
113100 4
113208 1
113208 2
113315 3
113315 4
113422 1
113475 2
113529 3
113583 2
113636 1
113690 3
113743 4
113850 1
113850 2
113958 3
113958 4
114065 1
114065 2
114172 3
114172 4
114208 1
114243 2
114279 3
114315 4
114386 1
114386 2
114493 1
114493 2
114708 1
114708 2
114708 3
114708 4
114922 4
114975 3
115029 1
115083 2
115136 4
115190 3
115243 1
115297 2
115351 4
115404 3
115458 1
115511 2
115565 4
115618 3
115672 1
115726 2
115779 4
115851 3
115922 4
115993 1
115993 3
116101 2
116208 3
116208 4
116261 1
116315 2
116368 3
116422 4
116529 1
116529 2
116636 4
116690 3
116743 2
116797 1
116851 4
116904 3
116958 2
117011 1
117065 4
117118 3
117172 2
117226 1
117279 4
117333 3
117386 2
117440 4
117493 1
117565 2
117636 4
117708 3
117779 1
117851 2
117922 4
117993 3
118065 1
118136 2
