1086
1907 1
1907 2
2210 4
2513 2
2816 3
3119 1
3422 2
3725 3
4028 4
4331 1
4634 4
4937 2
4937 3
5240 4
5543 1
5543 2
5846 4
6149 1
6149 3
6452 4
6755 1
6755 2
7058 3
7361 4
7664 2
7967 1
8270 2
8573 3
8876 4
9179 1
9482 3
9786 2
10089 4
10392 1
10998 3
10998 4
11604 1
11604 2
12058 3
12134 2
12210 4
12361 1
13422 1
13422 4
14028 1
14482 3
14558 2
14634 4
15240 1
15392 3
15543 1
15695 3
15846 2
15998 4
16149 2
16301 4
16452 1
16604 2
16755 3
16907 4
17058 1
17210 2
17361 3
17513 4
17664 1
17816 2
17967 4
18119 3
18270 1
18422 2
18573 4
18725 3
18876 1
18952 2
19028 3
19104 4
19179 1
19255 2
19331 3
19407 4
19482 1
19558 2
19634 4
19710 3
19786 1
19861 2
19937 4
20013 3
20695 1
20770 2
20846 3
20922 4
20998 1
21073 2
21149 3
21225 4
21301 1
21301 2
21452 3
21604 2
21604 4
21755 3
21907 1
21907 2
22058 4
22210 2
22210 3
22361 1
22513 3
22513 4
22664 2
22816 1
22816 3
22967 2
23119 3
23119 4
23270 1
23422 2
23422 3
23573 4
23725 1
23725 2
23876 3
24028 2
24028 4
24179 3
24331 1
24331 2
24482 4
24634 2
24634 3
24786 1
24937 3
25089 2
25240 1
25240 3
25392 2
25543 1
25745 2
25947 3
26149 4
26225 3
26301 2
26376 1
26452 4
26528 3
26604 2
26679 1
26755 4
26831 3
26907 2
26982 1
27058 4
27361 1
27437 2
27513 3
27589 4
27664 1
27740 2
27816 3
27892 4
27967 1
28043 2
28119 3
28195 4
28270 1
28573 3
28573 4
28725 2
28876 1
28876 4
29028 3
29179 1
29179 2
29255 3
29255 4
29331 1
29331 2
29407 3
29407 4
29482 1
29482 2
29558 3
29558 4
29634 1
29634 2
29710 3
29710 4
29786 1
29786 2
30089 3
30089 4
30392 1
30392 4
30619 2
30619 3
30846 1
30846 4
30998 2
31149 3
31301 4
31452 2
31604 1
31604 4
31755 3
31907 2
32210 1
32513 2
32664 3
32816 1
32816 4
32967 3
33119 2
33270 3
33422 1
33422 4
33649 3
33876 2
34028 1
34028 4
34255 2
34482 3
34634 4
34710 2
34786 3
34937 1
35038 2
35139 3
35240 2
35341 3
35442 4
35543 1
35644 2
35745 3
35846 4
35998 2
36149 1
36149 3
36301 2
36452 3
36604 2
36755 1
36907 3
37058 2
37210 3
37361 1
37361 4
37513 3
37664 4
37816 3
37967 1
37967 2
38119 3
38270 1
38346 3
38422 1
38498 3
38573 1
38649 3
38725 1
38801 3
38876 2
38952 4
39028 2
39104 4
39179 2
39255 4
39331 2
39407 4
39482 1
39558 2
39634 3
39710 4
39786 1
39861 2
39937 3
40013 4
40089 1
40164 2
40240 4
40316 3
40392 1
40467 2
40543 4
40619 3
40695 1
40998 2
40998 4
41301 3
41604 2
41604 4
41907 3
42210 2
42210 4
42513 3
42816 2
42816 4
43119 4
43422 1
43422 3
43725 2
44028 1
44028 3
44331 2
44634 1
44634 3
44937 2
45240 1
45316 2
45392 3
45467 4
45543 1
45543 2
45846 2
45998 3
46301 4
46679 3
46755 2
47058 3
47210 4
47513 2
47816 1
47967 3
48270 2
48422 3
48725 4
49028 1
49104 3
49179 2
49482 4
49634 3
49937 2
50240 3
50392 1
50543 3
50846 4
51149 3
51301 1
51452 3
51755 4
52058 3
52210 1
52361 3
52664 2
52664 4
52967 3
53119 3
53270 3
53422 1
53422 4
53649 3
53876 2
54028 1
54028 4
54255 2
54482 3
54634 1
54634 4
54937 1
55013 2
55089 3
55164 4
55240 1
55240 2
55392 3
55543 2
55543 4
55695 3
55846 1
55846 2
55998 4
56149 2
56149 3
56301 1
56452 3
56452 4
56604 2
56755 1
56755 4
56907 2
56907 3
57058 1
57210 3
57210 4
57361 2
57513 3
57513 4
57664 1
57664 2
57816 3
57967 1
57967 4
58119 2
58119 3
58270 4
58422 1
58422 2
58573 3
58725 1
58801 2
58876 4
58952 3
59028 2
59104 1
59179 4
59255 3
59331 2
59407 1
59482 4
59558 3
59634 1
59710 2
59786 4
59861 3
59937 1
60013 2
60089 3
60089 4
60240 3
60240 4
60543 1
60543 2
60998 3
60998 4
61149 3
61149 4
61452 1
61452 2
61907 3
61907 4
62058 3
62058 4
62361 1
62361 2
62664 3
62664 4
62816 3
62816 4
62967 2
63043 3
63119 1
63195 3
63270 2
63346 4
63422 2
63498 3
63573 1
63725 4
63952 3
64179 2
64331 1
64937 4
65013 3
65089 2
65164 1
65240 4
65316 3
65392 2
65467 1
65543 3
65619 4
65695 1
65770 2
65846 3
65922 4
65998 1
66073 2
66149 4
66225 3
66301 2
66376 1
66452 4
66528 3
66604 2
66679 1
66755 3
66831 4
66907 1
66983 2
67058 3
67134 4
67210 1
67286 2
67361 4
67437 3
67513 2
67589 1
67664 4
67740 3
67816 2
67892 1
67967 4
68043 3
68119 1
68195 2
68270 4
68346 3
68422 1
68498 2
68573 4
68649 3
68725 2
68801 1
68876 4
68952 3
69028 2
69104 1
69179 4
69255 2
69331 4
69407 2
69482 3
69558 1
69634 3
69710 1
69786 4
69861 3
69937 2
70013 1
70089 4
70164 3
70240 2
70316 1
70392 3
70467 4
70543 1
70619 2
70695 3
70770 4
70846 1
70922 2
70998 4
71073 3
71149 2
71225 1
71301 4
71376 3
71452 2
71528 1
71604 3
71679 4
71755 1
71831 2
71907 3
71982 4
72058 1
72134 2
72210 4
72361 2
72513 3
72664 2
72816 1
72967 2
73119 3
73270 2
73422 3
73422 4
73498 1
73498 2
73573 3
73573 4
73649 1
73649 2
73725 3
73725 4
74028 1
74028 2
74331 3
74331 4
74634 1
74710 2
74786 3
74861 4
74937 1
75013 2
75089 3
75164 4
75240 2
75316 1
75392 4
75467 3
75543 2
75619 1
75695 4
75770 3
75846 1
75922 2
75998 3
76073 4
76149 1
76225 2
76301 3
76376 4
76452 2
76528 1
76604 4
76679 3
76755 2
76831 1
76907 4
76983 3
77058 1
77134 2
77210 3
77286 4
77361 1
77437 2
77513 3
77589 4
77664 1
77740 2
77816 4
77892 3
77967 1
78043 2
78119 4
78195 3
78270 1
78346 2
78422 3
78498 4
78573 1
78649 2
78725 3
78801 4
78876 1
78952 3
79028 1
79104 3
79179 2
79255 4
79331 2
79407 4
79482 1
79558 2
79634 3
79710 4
79786 1
79861 2
79937 3
80013 4
80089 2
80164 1
80240 4
80316 3
80392 2
80467 1
80543 4
80619 3
80695 1
80770 2
80846 3
80922 4
80998 1
81073 2
81149 3
81225 4
81301 2
81376 1
81452 4
81528 3
81604 2
81679 1
81755 4
81831 3
81907 1
81982 3
82058 1
82134 3
82210 1
82286 3
82361 1
82437 3
82513 2
82589 4
82664 2
82740 4
82816 2
82892 4
82967 2
83043 4
83119 1
83195 2
83270 3
83346 4
83422 1
83498 2
83573 3
83649 4
83725 1
83801 2
83876 4
83952 3
84028 1
84104 2
84179 4
84255 3
84331 1
84331 2
84634 2
84786 3
85089 4
85392 1
85467 3
85543 2
85846 3
85998 4
86301 2
86604 1
86755 3
87058 2
87210 3
87513 4
87816 1
87892 3
87967 2
88270 4
88422 3
88725 2
89028 3
89179 1
89179 2
89331 1
89331 2
89634 3
89634 4
90089 1
90089 2
90240 1
90240 2
90543 3
90543 4
90998 1
90998 2
91149 1
91149 2
91452 3
91452 4
91755 1
91831 2
91907 4
91982 3
92058 2
92134 1
92210 4
92286 3
92361 2
92437 1
92513 4
92589 3
92664 2
92740 1
92816 3
92892 4
92967 1
93043 2
93119 3
93195 4
93270 1
93346 2
93422 4
93498 3
93573 1
93649 2
93725 4
93801 3
93876 1
93952 2
94028 4
94104 3
94179 2
94255 1
94331 4
94407 3
94482 2
94558 1
94634 3
94710 4
94786 1
94861 2
94937 3
95013 4
95089 1
95164 2
95240 4
95316 3
95392 1
95467 2
95543 4
95619 3
95695 1
95770 2
95846 4
95922 3
95998 2
96073 1
96149 4
96225 3
96301 2
96376 1
96452 4
96755 1
96755 2
96907 3
96982 2
97058 4
97210 1
97286 3
97361 1
97513 4
97589 3
97664 1
97664 2
97816 3
97967 1
97967 4
98119 2
98119 3
98270 1
98346 2
98422 3
98498 4
98573 1
98649 2
98725 3
98801 4
98876 1
99179 3
99179 4
99331 2
99407 3
99482 1
99634 4
99710 2
99786 4
99937 1
100089 3
100089 4
100240 2
100316 3
100392 1
100543 4
100619 3
100695 1
100695 2
100846 3
100922 2
100998 4
101149 1
101225 2
101301 3
101301 4
101452 2
101604 1
101604 4
101755 3
101831 2
101907 4
102058 1
102134 3
102286 2
102361 4
102513 1
102513 2
102664 3
102816 1
102816 4
102967 2
103119 3
103119 4
103270 2
103422 1
103422 4
103573 3
103725 1
103725 2
103876 3
104028 2
104028 4
104179 3
104331 1
104331 2
104482 4
104634 2
104634 3
104786 1
104937 3
104937 4
105089 2
105240 1
105316 2
105392 3
105467 4
105543 1
105619 2
105695 3
105770 4
105846 1
105922 2
105998 3
106073 4
106149 1
106452 3
106452 4
106604 2
106679 3
106755 1
106907 4
106982 2
107058 4
107210 1
107286 2
107361 3
107361 4
107513 2
107664 1
107664 4
107816 2
107816 3
107967 4
108043 3
108119 2
108195 1
108270 4
108346 3
108422 2
108498 1
108573 4
108876 1
108876 2
109028 3
109104 2
109179 4
109331 1
109407 3
109482 1
109634 4
109786 1
109786 2
109937 3
110013 2
110089 4
110240 1
110543 3
110695 2
110846 4
110998 1
111073 3
111149 1
111225 3
111301 1
111376 3
111452 1
111604 4
111679 2
111755 4
111831 2
111907 4
111982 2
112058 4
112210 1
112286 2
112361 3
112437 4
112513 1
112589 2
112664 3
112740 4
112816 1
112892 2
112967 4
113043 3
113119 1
113195 2
113270 4
113346 3
113422 1
113573 3
113725 3
113876 2
113952 3
114028 2
114179 1
114331 3
114482 2
114558 4
114634 2
114786 3
114937 4
115089 2
115164 3
115240 2
115392 1
115543 3
115695 4
115770 3
115846 1
115998 3
116149 3
116301 2
116376 3
116452 2
116604 1
116755 3
116907 2
116982 4
117058 2
117134 3
117286 4
117437 3
117589 1
117664 3
117740 1
117816 3
117967 4
118119 2
118195 3
118270 1
118573 4
118649 3
118725 2
118801 1
118876 4
118952 3
119028 2
119104 1
119179 4
119255 3
119331 2
119407 1
119482 4
119558 3
119634 1
119710 2
119786 4
119861 3
119937 1
120013 2
120089 4
120240 1
120392 2
120543 4
120619 3
120695 1
120770 2
120846 3
120922 4
120998 1
121073 2
121149 3
121225 4
121301 1
121376 2
121452 4
121528 3
121604 1
121679 2
121755 4
121831 3
121907 1
122058 4
122210 2
122361 3
122437 2
122513 4
122589 2
122664 3
122816 1
122967 2
123043 3
123119 1
123422 4
123725 3
124028 4
124331 2
124634 3
124937 4
125240 3
125543 4
125846 1
126149 2
126452 1
126755 3
127058 2
127361 1
127664 2
