1204
429 4
429 1
1928 3
1928 2
2078 4
2229 1
2229 2
2379 3
2379 4
2529 2
2678 4
2678 3
2828 1
2828 2
2978 3
3129 1
3129 4
3279 2
3279 3
3429 1
3579 4
3729 1
3729 3
3879 2
4029 3
4029 4
4179 1
4329 3
4329 4
4479 2
4628 1
4628 3
4779 2
4779 4
4929 3
5079 4
5079 2
5229 1
5229 3
5379 4
5529 2
5529 3
5679 1
5679 4
5829 2
5979 3
6128 1
6128 4
6279 2
6428 1
6428 4
6579 3
6729 1
6729 4
6879 3
7029 1
7029 2
7179 3
7179 4
7329 1
7479 3
7479 4
7629 2
7629 1
7779 3
7929 1
7929 2
8079 3
8079 4
8229 2
8379 1
8379 4
8528 2
8528 3
8679 4
8829 1
8829 3
8979 2
9129 3
9129 4
9279 2
9429 3
9429 1
9579 4
9579 2
9729 3
9879 1
9879 4
10028 2
10028 3
10179 1
10329 3
10329 4
10479 1
10479 2
10629 4
10779 1
10779 3
10929 2
10929 4
11079 3
11229 4
11229 1
11379 3
11528 1
11528 2
11528 3
11679 4
11829 3
11829 1
11979 2
11979 4
12129 3
12279 1
12279 2
12429 3
12429 4
12579 2
12729 4
12729 1
12879 3
12879 2
13028 1
13028 4
13179 3
13329 1
13329 2
13479 4
13628 1
13628 2
13778 3
13929 1
13929 4
14079 2
14229 3
14229 4
14379 1
14379 2
14528 4
14679 1
14679 2
14829 3
14829 4
14979 2
15128 4
15128 1
15278 2
15278 3
15429 1
15429 4
15578 2
15729 3
15729 4
15879 1
16029 4
16029 3
16179 2
16328 1
16328 4
16478 3
16629 1
16629 2
16778 3
16778 4
16929 2
17078 1
17078 4
17229 2
17229 3
17379 4
17529 1
17529 2
17679 3
17679 4
17828 4
17828 1
17978 3
18129 1
18129 2
18278 4
18429 1
18429 3
18578 2
18729 1
18729 4
18879 3
19029 1
19029 2
19179 3
19179 4
19328 1
19478 4
19478 3
19629 1
19629 2
19778 3
19929 1
19929 4
20078 2
20078 3
20229 4
20379 1
20379 2
20529 3
20529 4
20679 2
20828 1
20828 4
20978 2
21129 3
21129 1
21278 4
21429 1
21429 2
21578 3
21578 4
21729 2
21879 3
21879 4
22029 1
22029 2
22179 4
22328 2
22328 3
22478 1
22478 4
22629 2
22778 4
22778 3
22929 1
22929 4
23078 3
23229 4
23229 2
23379 1
23529 3
23529 4
23679 2
23828 1
23828 3
23978 2
23978 4
24129 1
24278 3
24278 4
24429 1
24429 2
24578 4
24729 1
24729 2
24879 3
24879 4
25029 2
25179 1
25179 3
25328 1
25328 4
25478 2
25629 1
25629 3
25778 4
25929 1
25929 2
26078 4
26229 3
26379 2
26379 4
26529 3
26679 1
26828 2
26978 3
27054 1
27129 2
27129 4
27229 3
27328 2
27429 1
27429 4
27529 3
27629 2
27729 1
27729 4
27879 3
28028 4
28028 2
28178 1
28328 3
28328 4
28478 1
28629 4
28778 2
28929 1
28929 4
29078 2
29229 3
29379 1
29528 2
29528 3
29678 1
29828 3
29828 4
29978 2
30129 1
30129 4
30203 2
30278 3
30354 1
30429 4
30429 2
30504 3
30578 2
30654 1
30729 2
30729 4
30879 3
31028 1
31028 2
31178 3
31178 4
31329 1
31479 3
31479 4
31629 1
31629 2
31778 3
31928 4
31928 2
32078 1
32078 3
32229 2
32379 3
32379 4
32529 1
32529 4
32678 3
32829 2
32829 4
32979 1
33129 3
33129 4
33279 1
33428 1
33428 2
33578 3
33578 4
33729 2
33879 1
33879 3
34029 2
34029 4
34178 3
34329 1
34329 2
34479 3
34479 4
34629 2
34779 1
34779 3
34928 3
34928 4
35078 4
35154 2
35154 1
35229 3
35379 1
35379 4
35529 1
35529 2
35678 3
35829 1
35829 4
35929 3
36029 2
36129 3
36129 4
36229 1
36329 2
36428 1
36428 4
36529 3
36629 2
36729 4
36804 3
36879 1
36954 2
37029 4
37104 3
37254 2
37329 4
37479 1
37629 3
37779 1
37928 2
37928 4
38078 1
38229 3
38379 2
38529 1
38529 3
38678 2
38829 4
38979 1
39129 2
39129 4
39279 3
39428 1
39428 4
39578 2
39729 3
39729 1
39804 2
39879 3
39954 4
40029 1
40029 3
40104 2
40178 4
40254 3
40329 2
40329 1
40479 1
40629 2
40779 3
40928 4
41078 2
41229 3
41379 1
41529 4
41678 2
41829 4
41979 3
42129 1
42279 4
42428 1
42578 3
42729 2
42729 1
42879 3
43029 1
43178 4
43329 2
43479 3
43629 1
43779 2
43928 4
44078 1
44229 3
44379 4
44529 3
44629 2
44729 1
44829 4
44929 3
45029 1
45129 2
45428 1
45578 2
45729 4
45879 3
46029 1
46178 3
46329 2
46479 4
46629 1
46779 2
46928 4
47078 2
47229 4
47379 2
47529 3
47678 1
47829 4
47979 3
48129 1
48279 2
48428 4
48578 1
48729 3
48879 2
49029 4
49178 2
49329 1
49329 4
49479 3
49629 2
49629 4
49779 3
49928 2
49928 3
50078 4
50229 1
50229 2
50379 3
50379 4
50529 1
50678 3
50678 4
50829 1
50829 2
50979 3
51129 2
51129 4
51279 1
51279 3
51428 2
51578 1
51578 4
51729 2
51729 3
51879 4
52029 3
52029 1
52178 2
52329 3
52329 4
52479 2
52629 1
52629 3
52779 2
52779 4
52928 3
53078 2
53078 4
53229 1
53229 3
53379 2
53529 1
53529 4
53678 2
53678 3
53829 1
53979 4
53979 3
54129 1
54129 2
54279 4
54428 1
54428 3
54578 2
54729 1
54729 3
54729 4
54879 1
54879 2
55029 2
55029 4
55178 1
55178 3
55329 1
55329 2
55479 2
55479 4
55629 3
55629 4
55779 2
55779 3
55928 4
55928 1
56004 2
56078 3
56078 4
56154 1
56229 2
56229 3
56304 4
56379 2
56379 1
56454 3
56529 4
56529 1
56604 2
56678 3
56754 4
56828 1
56828 2
56904 3
56978 2
57053 1
57129 4
57279 2
57428 3
57578 4
57879 4
58029 2
58328 2
58478 3
58629 1
58779 4
58928 2
59078 4
59229 1
59379 3
59529 1
59529 4
59828 1
60129 4
60428 2
60729 3
60829 1
60929 3
61029 1
61129 4
61229 2
61328 4
61328 3
61428 2
61428 1
61529 4
61529 3
61629 2
61629 1
61729 4
61729 3
61829 1
61829 2
61928 3
61928 4
62229 1
62529 4
62828 2
63129 3
63229 1
63328 3
63429 1
63529 4
63629 2
63729 3
63729 4
63953 1
63953 3
64179 1
64179 2
64328 1
64328 3
64328 4
64628 1
64628 2
64779 2
64853 4
64929 1
64929 3
65079 2
65154 3
65229 1
65229 4
65379 2
65454 1
65529 2
65529 4
65628 3
65729 2
65829 1
65829 4
65928 2
66029 3
66128 1
66128 4
66228 3
66329 2
66429 1
66429 4
66529 2
66629 3
66729 1
66729 4
66729 2
67029 3
67029 4
67179 2
67253 4
67329 1
67329 3
67479 2
67553 3
67628 1
67628 4
67779 2
67853 1
67929 2
67929 4
68079 3
68154 2
68229 1
68229 4
68379 3
68454 1
68529 2
68529 4
68679 3
68753 2
68829 1
68829 4
68979 3
69053 4
69128 1
69128 3
69279 2
69429 3
69429 4
69579 1
69729 2
69729 4
69879 3
70029 1
70029 4
70179 2
70329 4
70479 1
70628 4
70628 2
70779 1
70929 3
70929 4
71079 1
71229 2
71229 4
71379 3
71529 1
71679 2
71829 3
71829 4
71979 1
72128 2
72128 4
72279 3
72429 1
72429 4
72579 2
72729 4
72879 1
73029 2
73029 4
73179 1
73329 3
73329 4
73479 1
73628 2
73628 4
73779 3
73929 1
73929 2
74079 3
74229 2
74229 4
74379 1
74529 3
74679 4
74829 1
74829 3
74979 2
75128 1
75128 3
75279 4
75429 2
75429 1
75579 4
75729 2
75729 1
75879 4
76029 1
76029 2
76179 3
76179 4
76329 2
76479 4
76628 2
76779 3
77079 3
77229 2
77379 1
77529 2
77679 4
77829 2
77979 4
78128 2
78279 4
78429 3
78579 1
78729 2
78729 3
78729 4
78879 3
79029 1
79029 2
79179 3
79179 4
79329 1
79479 3
79479 4
79628 1
79628 2
79779 3
79929 1
79929 4
80079 2
80079 3
80229 1
80379 3
80379 4
80529 1
80529 4
80679 3
80829 2
80829 4
80979 1
81128 3
81128 4
81279 2
81429 1
81429 3
81579 4
81579 2
81729 3
81879 1
81879 2
82029 3
82029 4
82179 2
82329 1
82329 4
82479 2
82479 3
82628 4
82779 1
82779 2
82929 1
82929 4
83079 2
83229 1
83229 3
83379 4
83529 2
83529 1
83679 4
83829 3
83979 2
83979 4
84128 1
84279 3
84429 1
84579 2
84654 3
84729 1
84729 4
84829 3
84929 2
85029 1
85029 4
85128 3
85229 2
85329 4
85329 1
85479 3
85628 2
85628 4
85779 1
85929 3
85929 4
86079 1
86229 4
86379 1
86529 2
86529 4
86679 3
86829 1
86979 3
87128 1
87128 2
87279 3
87429 4
87429 1
87579 2
87729 1
87729 3
87804 2
87879 3
87954 1
88029 2
88029 4
88104 3
88179 2
88253 4
88329 1
88329 3
88479 2
88628 3
88628 4
88779 1
88779 2
88929 4
89079 1
89079 2
89229 3
89229 4
89379 2
89529 1
89529 4
89679 2
89679 3
89829 1
89979 3
89979 4
90128 4
90128 1
90279 3
90429 4
90429 2
90579 1
90729 3
90729 4
90879 2
91029 1
91029 3
91179 2
91179 4
91329 3
91479 1
91479 2
91628 3
91628 4
91779 1
91929 3
91929 4
92079 1
92079 2
92229 4
92379 1
92379 3
92529 3
92529 4
92679 4
92753 1
92753 2
92829 3
92979 4
92979 1
93128 3
93128 4
93279 2
93429 1
93429 4
93529 3
93629 2
93729 3
93729 4
93829 1
93929 2
94029 1
94029 4
94128 3
94229 2
94329 4
94404 3
94479 1
94553 2
94628 4
94704 3
94853 2
94929 4
95079 1
95229 3
95229 4
95379 1
95529 4
95529 2
95679 1
95829 3
95979 1
96128 2
96128 3
96279 1
96429 2
96579 4
96729 1
96729 2
96879 3
97029 1
97029 4
97179 2
97329 1
97329 3
97404 2
97479 3
97553 1
97628 2
97628 4
97704 3
97779 2
97853 3
97929 1
97929 4
98079 1
98079 2
98229 3
98229 4
98379 4
98454 1
98454 2
98529 3
98604 1
98679 4
98679 2
98829 3
98829 4
98979 1
98979 2
99128 1
99128 4
99279 2
99279 3
99429 3
99429 4
99579 1
99654 2
99654 4
99729 3
99804 2
99804 1
99954 4
100029 2
100029 3
100179 1
100179 4
100329 1
100329 2
100479 3
100479 4
100628 1
100628 3
100779 2
100853 3
100853 4
100929 1
101004 4
101079 3
101079 2
101229 1
101229 2
101379 3
101379 4
101529 1
101529 3
101679 1
101679 2
101829 2
101829 4
101979 3
102053 1
102053 2
102204 3
102204 4
102353 1
102353 2
102504 3
102504 4
102654 1
102654 4
102729 2
102729 3
102879 1
102879 2
103029 3
103029 4
103179 1
103253 3
103253 4
103329 2
103404 4
103479 1
103479 3
103628 1
103628 2
103779 3
103779 4
103929 1
103929 4
104079 1
104079 2
104229 3
104229 4
104379 1
104454 2
104454 4
104529 3
104604 2
104604 1
104753 4
104829 2
104829 3
104979 1
104979 4
105128 1
105128 2
105279 3
105279 4
105429 1
105429 3
105579 4
105654 1
105654 2
105729 3
105804 1
105879 2
105879 4
106029 3
106029 4
106179 1
106179 2
106329 1
106329 4
106479 2
106479 3
106628 2
106628 4
106779 1
106779 3
106853 4
106929 2
106929 3
107229 1
107229 2
107529 4
107579 3
107628 1
107679 2
107729 3
107779 4
107829 1
107829 2
107979 2
108128 4
108128 3
108279 4
108353 1
108353 3
108579 1
108579 2
108729 4
108879 1
108879 2
109029 3
109029 4
109179 1
109329 1
109329 2
109479 3
109479 4
109628 4
109779 1
109779 2
109929 3
109929 4
110079 2
110229 1
110229 2
110379 3
110379 4
110529 4
110679 2
110679 1
110829 2
110829 3
110979 3
110979 4
111128 1
111204 2
111279 4
111353 3
111429 2
111504 3
111579 1
111654 2
111729 4
111804 3
111879 1
111954 4
112029 2
112104 3
112179 1
112253 2
112329 3
112404 1
112479 4
112553 3
112628 2
112704 4
112779 3
112853 1
112929 2
113004 4
113079 2
113154 3
113229 1
113304 3
113379 2
113454 1
113529 4
113604 3
113679 2
113753 4
113829 3
114729 1
114804 2
114879 4
